0	0	0.0181818	2.26979e-18
0	0	0.0363636	2.1457e-18
0	0	0.0545455	2.29686e-18
0	0	0.0727273	2.27593e-18
0	0	0.0909091	2.26849e-18
0	0	0.109091	2.33916e-18
0	0	0.127273	2.27169e-18
0	0	0.145455	2.48069e-18
0	0	0.163636	2.26617e-18
0	0	0.181818	2.3005e-18
0	0	0.2	2.22249e-18
0	0.0002	0.0181818	-0.00069871
0	0.0002	0.0363636	-0.000686548
0	0.0002	0.0545455	-0.000675003
0	0.0002	0.0727273	-0.000664019
0	0.0002	0.0909091	-0.000653547
0	0.0002	0.109091	-0.000643545
0	0.0002	0.127273	-0.000633975
0	0.0002	0.145455	-0.000624805
0	0.0002	0.163636	-0.000616004
0	0.0002	0.181818	-0.000607547
0	0.0002	0.2	-0.000599409
0	0.0004	0.0181818	-0.000176305
0	0.0004	0.0363636	-0.000175497
0	0.0004	0.0545455	-0.0001747
0	0.0004	0.0727273	-0.000173914
0	0.0004	0.0909091	-0.000173139
0	0.0004	0.109091	-0.000172374
0	0.0004	0.127273	-0.000171619
0	0.0004	0.145455	-0.000170874
0	0.0004	0.163636	-0.000170139
0	0.0004	0.181818	-0.000169413
0	0.0004	0.2	-0.000168696
0	0.0006	0.0181818	-7.76116e-05
0	0.0006	0.0363636	-7.74502e-05
0	0.0006	0.0545455	-7.72897e-05
0	0.0006	0.0727273	-7.71303e-05
0	0.0006	0.0909091	-7.69719e-05
0	0.0006	0.109091	-7.68145e-05
0	0.0006	0.127273	-7.6658e-05
0	0.0006	0.145455	-7.65025e-05
0	0.0006	0.163636	-7.63479e-05
0	0.0006	0.181818	-7.61943e-05
0	0.0006	0.2	-7.60416e-05
0	0.0008	0.0181818	-4.26106e-05
0	0.0008	0.0363636	-4.25594e-05
0	0.0008	0.0545455	-4.25084e-05
0	0.0008	0.0727273	-4.24576e-05
0	0.0008	0.0909091	-4.2407e-05
0	0.0008	0.109091	-4.23566e-05
0	0.0008	0.127273	-4.23063e-05
0	0.0008	0.145455	-4.22562e-05
0	0.0008	0.163636	-4.22063e-05
0	0.0008	0.181818	-4.21566e-05
0	0.0008	0.2	-4.2107e-05
0	0.001	0.0181818	-2.60652e-05
0	0.001	0.0363636	-2.60444e-05
0	0.001	0.0545455	-2.60236e-05
0	0.001	0.0727273	-2.60029e-05
0	0.001	0.0909091	-2.59822e-05
0	0.001	0.109091	-2.59616e-05
0	0.001	0.127273	-2.5941e-05
0	0.001	0.145455	-2.59204e-05
0	0.001	0.163636	-2.58999e-05
0	0.001	0.181818	-2.58795e-05
0	0.001	0.2	-2.58591e-05
0	0.0012	0.0181818	-1.67419e-05
0	0.0012	0.0363636	-1.67321e-05
0	0.0012	0.0545455	-1.67222e-05
0	0.0012	0.0727273	-1.67124e-05
0	0.0012	0.0909091	-1.67026e-05
0	0.0012	0.109091	-1.66928e-05
0	0.0012	0.127273	-1.66831e-05
0	0.0012	0.145455	-1.66733e-05
0	0.0012	0.163636	-1.66636e-05
0	0.0012	0.181818	-1.66539e-05
0	0.0012	0.2	-1.66442e-05
0	0.0014	0.0181818	-1.07619e-05
0	0.0014	0.0363636	-1.07569e-05
0	0.0014	0.0545455	-1.07519e-05
0	0.0014	0.0727273	-1.07468e-05
0	0.0014	0.0909091	-1.07418e-05
0	0.0014	0.109091	-1.07368e-05
0	0.0014	0.127273	-1.07318e-05
0	0.0014	0.145455	-1.07268e-05
0	0.0014	0.163636	-1.07217e-05
0	0.0014	0.181818	-1.07168e-05
0	0.0014	0.2	-1.07118e-05
0	0.0016	0.0181818	-6.47494e-06
0	0.0016	0.0363636	-6.47235e-06
0	0.0016	0.0545455	-6.46975e-06
0	0.0016	0.0727273	-6.46717e-06
0	0.0016	0.0909091	-6.46458e-06
0	0.0016	0.109091	-6.462e-06
0	0.0016	0.127273	-6.45942e-06
0	0.0016	0.145455	-6.45684e-06
0	0.0016	0.163636	-6.45426e-06
0	0.0016	0.181818	-6.45169e-06
0	0.0016	0.2	-6.44912e-06
0	0.0018	0.0181818	-3.05243e-06
0	0.0018	0.0363636	-3.05131e-06
0	0.0018	0.0545455	-3.0502e-06
0	0.0018	0.0727273	-3.04909e-06
0	0.0018	0.0909091	-3.04797e-06
0	0.0018	0.109091	-3.04686e-06
0	0.0018	0.127273	-3.04575e-06
0	0.0018	0.145455	-3.04465e-06
0	0.0018	0.163636	-3.04354e-06
0	0.0018	0.181818	-3.04243e-06
0	0.0018	0.2	-3.04133e-06
0	0.002	0.0181818	-8.5628e-18
0	0.002	0.0363636	-8.734e-18
0	0.002	0.0545455	-8.91933e-18
0	0.002	0.0727273	-8.8734e-18
0	0.002	0.0909091	-9.08753e-18
0	0.002	0.109091	-9.43643e-18
0	0.002	0.127273	-9.61653e-18
0	0.002	0.145455	-9.67961e-18
0	0.002	0.163636	-1.00564e-17
0	0.002	0.181818	-9.95146e-18
0	0.002	0.2	-1.04201e-17
0.0002	0	0.0181818	6.19688e-16
0.0002	0	0.0363636	6.09545e-16
0.0002	0	0.0545455	5.99253e-16
0.0002	0	0.0727273	5.86195e-16
0.0002	0	0.0909091	5.78056e-16
0.0002	0	0.109091	5.69831e-16
0.0002	0	0.127273	5.62601e-16
0.0002	0	0.145455	5.59697e-16
0.0002	0	0.163636	5.43944e-16
0.0002	0	0.181818	5.35993e-16
0.0002	0	0.2	5.32616e-16
0.0002	0.0002	0.0181818	-8.81527e-05
0.0002	0.0002	0.0363636	-8.77487e-05
0.0002	0.0002	0.0545455	-8.73502e-05
0.0002	0.0002	0.0727273	-8.69572e-05
0.0002	0.0002	0.0909091	-8.65695e-05
0.0002	0.0002	0.109091	-8.6187e-05
0.0002	0.0002	0.127273	-8.58096e-05
0.0002	0.0002	0.145455	-8.54371e-05
0.0002	0.0002	0.163636	-8.50694e-05
0.0002	0.0002	0.181818	-8.47064e-05
0.0002	0.0002	0.2	-8.4348e-05
0.0002	0.0004	0.0181818	-0.000388161
0.0002	0.0004	0.0363636	-0.000381999
0.0002	0.0004	0.0545455	-0.000376146
0.0002	0.0004	0.0727273	-0.000370575
0.0002	0.0004	0.0909091	-0.00036526
0.0002	0.0004	0.109091	-0.00036018
0.0002	0.0004	0.127273	-0.000355317
0.0002	0.0004	0.145455	-0.000350654
0.0002	0.0004	0.163636	-0.000346176
0.0002	0.0004	0.181818	-0.000341871
0.0002	0.0004	0.2	-0.000337725
0.0002	0.0006	0.0181818	-0.000109458
0.0002	0.0006	0.0363636	-0.000109028
0.0002	0.0006	0.0545455	-0.000108604
0.0002	0.0006	0.0727273	-0.000108186
0.0002	0.0006	0.0909091	-0.000107773
0.0002	0.0006	0.109091	-0.000107365
0.0002	0.0006	0.127273	-0.000106963
0.0002	0.0006	0.145455	-0.000106565
0.0002	0.0006	0.163636	-0.000106173
0.0002	0.0006	0.181818	-0.000105785
0.0002	0.0006	0.2	-0.000105402
0.0002	0.0008	0.0181818	-5.18384e-05
0.0002	0.0008	0.0363636	-5.17473e-05
0.0002	0.0008	0.0545455	-5.16567e-05
0.0002	0.0008	0.0727273	-5.15666e-05
0.0002	0.0008	0.0909091	-5.14771e-05
0.0002	0.0008	0.109091	-5.1388e-05
0.0002	0.0008	0.127273	-5.12995e-05
0.0002	0.0008	0.145455	-5.12115e-05
0.0002	0.0008	0.163636	-5.11239e-05
0.0002	0.0008	0.181818	-5.10369e-05
0.0002	0.0008	0.2	-5.09503e-05
0.0002	0.001	0.0181818	-2.96762e-05
0.0002	0.001	0.0363636	-2.96457e-05
0.0002	0.001	0.0545455	-2.96153e-05
0.0002	0.001	0.0727273	-2.9585e-05
0.0002	0.001	0.0909091	-2.95548e-05
0.0002	0.001	0.109091	-2.95247e-05
0.0002	0.001	0.127273	-2.94947e-05
0.0002	0.001	0.145455	-2.94648e-05
0.0002	0.001	0.163636	-2.9435e-05
0.0002	0.001	0.181818	-2.94052e-05
0.0002	0.001	0.2	-2.93756e-05
0.0002	0.0012	0.0181818	-1.84136e-05
0.0002	0.0012	0.0363636	-1.84006e-05
0.0002	0.0012	0.0545455	-1.83877e-05
0.0002	0.0012	0.0727273	-1.83749e-05
0.0002	0.0012	0.0909091	-1.8362e-05
0.0002	0.0012	0.109091	-1.83492e-05
0.0002	0.0012	0.127273	-1.83364e-05
0.0002	0.0012	0.145455	-1.83236e-05
0.0002	0.0012	0.163636	-1.83108e-05
0.0002	0.0012	0.181818	-1.82981e-05
0.0002	0.0012	0.2	-1.82854e-05
0.0002	0.0014	0.0181818	-1.16084e-05
0.0002	0.0014	0.0363636	-1.16022e-05
0.0002	0.0014	0.0545455	-1.1596e-05
0.0002	0.0014	0.0727273	-1.15898e-05
0.0002	0.0014	0.0909091	-1.15836e-05
0.0002	0.0014	0.109091	-1.15774e-05
0.0002	0.0014	0.127273	-1.15712e-05
0.0002	0.0014	0.145455	-1.15651e-05
0.0002	0.0014	0.163636	-1.15589e-05
0.0002	0.0014	0.181818	-1.15528e-05
0.0002	0.0014	0.2	-1.15466e-05
0.0002	0.0016	0.0181818	-6.90718e-06
0.0002	0.0016	0.0363636	-6.9041e-06
0.0002	0.0016	0.0545455	-6.90102e-06
0.0002	0.0016	0.0727273	-6.89795e-06
0.0002	0.0016	0.0909091	-6.89488e-06
0.0002	0.0016	0.109091	-6.89182e-06
0.0002	0.0016	0.127273	-6.88876e-06
0.0002	0.0016	0.145455	-6.8857e-06
0.0002	0.0016	0.163636	-6.88264e-06
0.0002	0.0016	0.181818	-6.87959e-06
0.0002	0.0016	0.2	-6.87655e-06
0.0002	0.0018	0.0181818	-3.23747e-06
0.0002	0.0018	0.0363636	-3.23617e-06
0.0002	0.0018	0.0545455	-3.23488e-06
0.0002	0.0018	0.0727273	-3.23358e-06
0.0002	0.0018	0.0909091	-3.23229e-06
0.0002	0.0018	0.109091	-3.231e-06
0.0002	0.0018	0.127273	-3.22971e-06
0.0002	0.0018	0.145455	-3.22842e-06
0.0002	0.0018	0.163636	-3.22713e-06
0.0002	0.0018	0.181818	-3.22584e-06
0.0002	0.0018	0.2	-3.22456e-06
0.0002	0.002	0.0181818	-3.32183e-18
0.0002	0.002	0.0363636	-3.20219e-18
0.0002	0.002	0.0545455	-3.4973e-18
0.0002	0.002	0.0727273	-3.37418e-18
0.0002	0.002	0.0909091	-3.07452e-18
0.0002	0.002	0.109091	-3.08786e-18
0.0002	0.002	0.127273	-3.27777e-18
0.0002	0.002	0.145455	-3.16265e-18
0.0002	0.002	0.163636	-3.33049e-18
0.0002	0.002	0.181818	-2.94107e-18
0.0002	0.002	0.2	-3.633e-18
0.0004	0	0.0181818	1.57228e-16
0.0004	0	0.0363636	1.55881e-16
0.0004	0	0.0545455	1.5496e-16
0.0004	0	0.0727273	1.54256e-16
0.0004	0	0.0909091	1.54875e-16
0.0004	0	0.109091	1.52561e-16
0.0004	0	0.127273	1.52379e-16
0.0004	0	0.145455	1.51969e-16
0.0004	0	0.163636	-6.74839e-15
0.0004	0	0.181818	-9.7835e-14
0.0004	0	0.2	-8.19725e-14
0.0004	0.0002	0.0181818	0.000310549
0.0004	0.0002	0.0363636	0.000304549
0.0004	0.0002	0.0545455	0.000298857
0.0004	0.0002	0.0727273	0.000293444
0.0004	0.0002	0.0909091	0.000288288
0.0004	0.0002	0.109091	0.000283365
0.0004	0.0002	0.127273	0.000278659
0.0004	0.0002	0.145455	0.000274151
0.0004	0.0002	0.163636	0.000269828
0.0004	0.0002	0.181818	0.000265676
0.0004	0.0002	0.2	0.000261684
0.0004	0.0004	0.0181818	-2.13053e-05
0.0004	0.0004	0.0363636	-2.12797e-05
0.0004	0.0004	0.0545455	-2.12542e-05
0.0004	0.0004	0.0727273	-2.12288e-05
0.0004	0.0004	0.0909091	-2.12035e-05
0.0004	0.0004	0.109091	-2.11783e-05
0.0004	0.0004	0.127273	-2.11532e-05
0.0004	0.0004	0.145455	-2.11281e-05
0.0004	0.0004	0.163636	-2.11032e-05
0.0004	0.0004	0.181818	-2.10783e-05
0.0004	0.0004	0.2	-2.10535e-05
0.0004	0.0006	0.0181818	-0.000362388
0.0004	0.0006	0.0363636	-0.000356296
0.0004	0.0006	0.0545455	-0.000350513
0.0004	0.0006	0.0727273	-0.000345011
0.0004	0.0006	0.0909091	-0.000339765
0.0004	0.0006	0.109091	-0.000334753
0.0004	0.0006	0.127273	-0.000329958
0.0004	0.0006	0.145455	-0.000325363
0.0004	0.0006	0.163636	-0.000320952
0.0004	0.0006	0.181818	-0.000316713
0.0004	0.0006	0.2	-0.000312634
0.0004	0.0008	0.0181818	-9.65237e-05
0.0004	0.0008	0.0363636	-9.61147e-05
0.0004	0.0008	0.0545455	-9.57113e-05
0.0004	0.0008	0.0727273	-9.53134e-05
0.0004	0.0008	0.0909091	-9.49208e-05
0.0004	0.0008	0.109091	-9.45334e-05
0.0004	0.0008	0.127273	-9.41511e-05
0.0004	0.0008	0.145455	-9.37737e-05
0.0004	0.0008	0.163636	-9.34012e-05
0.0004	0.0008	0.181818	-9.30333e-05
0.0004	0.0008	0.2	-9.26701e-05
0.0004	0.001	0.0181818	-4.41868e-05
0.0004	0.001	0.0363636	-4.41035e-05
0.0004	0.001	0.0545455	-4.40208e-05
0.0004	0.001	0.0727273	-4.39386e-05
0.0004	0.001	0.0909091	-4.38569e-05
0.0004	0.001	0.109091	-4.37756e-05
0.0004	0.001	0.127273	-4.36949e-05
0.0004	0.001	0.145455	-4.36146e-05
0.0004	0.001	0.163636	-4.35348e-05
0.0004	0.001	0.181818	-4.34555e-05
0.0004	0.001	0.2	-4.33767e-05
0.0004	0.0012	0.0181818	-2.45428e-05
0.0004	0.0012	0.0363636	-2.45159e-05
0.0004	0.0012	0.0545455	-2.44891e-05
0.0004	0.0012	0.0727273	-2.44624e-05
0.0004	0.0012	0.0909091	-2.44358e-05
0.0004	0.0012	0.109091	-2.44093e-05
0.0004	0.0012	0.127273	-2.43829e-05
0.0004	0.0012	0.145455	-2.43565e-05
0.0004	0.0012	0.163636	-2.43303e-05
0.0004	0.0012	0.181818	-2.43041e-05
0.0004	0.0012	0.2	-2.42781e-05
0.0004	0.0014	0.0181818	-1.45588e-05
0.0004	0.0014	0.0363636	-1.45479e-05
0.0004	0.0014	0.0545455	-1.45369e-05
0.0004	0.0014	0.0727273	-1.4526e-05
0.0004	0.0014	0.0909091	-1.45151e-05
0.0004	0.0014	0.109091	-1.45042e-05
0.0004	0.0014	0.127273	-1.44934e-05
0.0004	0.0014	0.145455	-1.44825e-05
0.0004	0.0014	0.163636	-1.44717e-05
0.0004	0.0014	0.181818	-1.4461e-05
0.0004	0.0014	0.2	-1.44502e-05
0.0004	0.0016	0.0181818	-8.37095e-06
0.0004	0.0016	0.0363636	-8.36603e-06
0.0004	0.0016	0.0545455	-8.36111e-06
0.0004	0.0016	0.0727273	-8.35621e-06
0.0004	0.0016	0.0909091	-8.35131e-06
0.0004	0.0016	0.109091	-8.34642e-06
0.0004	0.0016	0.127273	-8.34153e-06
0.0004	0.0016	0.145455	-8.33666e-06
0.0004	0.0016	0.163636	-8.33179e-06
0.0004	0.0016	0.181818	-8.32693e-06
0.0004	0.0016	0.2	-8.32208e-06
0.0004	0.0018	0.0181818	-3.85475e-06
0.0004	0.0018	0.0363636	-3.85279e-06
0.0004	0.0018	0.0545455	-3.85083e-06
0.0004	0.0018	0.0727273	-3.84887e-06
0.0004	0.0018	0.0909091	-3.84691e-06
0.0004	0.0018	0.109091	-3.84495e-06
0.0004	0.0018	0.127273	-3.843e-06
0.0004	0.0018	0.145455	-3.84105e-06
0.0004	0.0018	0.163636	-3.83911e-06
0.0004	0.0018	0.181818	-3.83716e-06
0.0004	0.0018	0.2	-3.83522e-06
0.0004	0.002	0.0181818	-5.16827e-19
0.0004	0.002	0.0363636	-6.76269e-19
0.0004	0.002	0.0545455	-8.06691e-19
0.0004	0.002	0.0727273	-1.08571e-18
0.0004	0.002	0.0909091	-8.54784e-19
0.0004	0.002	0.109091	-5.8178e-19
0.0004	0.002	0.127273	-1.00798e-18
0.0004	0.002	0.145455	-3.47805e-19
0.0004	0.002	0.163636	-3.15249e-19
0.0004	0.002	0.181818	-5.37408e-19
0.0004	0.002	0.2	-8.51042e-19
0.0006	0	0.0181818	7.01824e-17
0.0006	0	0.0363636	7.04812e-17
0.0006	0	0.0545455	7.02447e-17
0.0006	0	0.0727273	7.02142e-17
0.0006	0	0.0909091	6.91911e-17
0.0006	0	0.109091	6.97966e-17
0.0006	0	0.127273	6.91153e-17
0.0006	0	0.145455	6.95258e-17
0.0006	0	0.163636	7.03493e-17
0.0006	0	0.181818	6.97397e-17
0.0006	0	0.2	6.88828e-17
0.0006	0.0002	0.0181818	6.68475e-05
0.0006	0.0002	0.0363636	6.6469e-05
0.0006	0.0002	0.0545455	6.6096e-05
0.0006	0.0002	0.0727273	6.57284e-05
0.0006	0.0002	0.0909091	6.5366e-05
0.0006	0.0002	0.109091	6.50087e-05
0.0006	0.0002	0.127273	6.46564e-05
0.0006	0.0002	0.145455	6.43089e-05
0.0006	0.0002	0.163636	6.39662e-05
0.0006	0.0002	0.181818	6.36281e-05
0.0006	0.0002	0.2	6.32945e-05
0.0006	0.0004	0.0181818	0.000336322
0.0006	0.0004	0.0363636	0.000330252
0.0006	0.0004	0.0545455	0.00032449
0.0006	0.0004	0.0727273	0.000319008
0.0006	0.0004	0.0909091	0.000313782
0.0006	0.0004	0.109091	0.000308792
0.0006	0.0004	0.127273	0.000304017
0.0006	0.0004	0.145455	0.000299442
0.0006	0.0004	0.163636	0.000295052
0.0006	0.0004	0.181818	0.000290834
0.0006	0.0004	0.2	0.000286775
0.0006	0.0006	0.0181818	-8.37095e-06
0.0006	0.0006	0.0363636	-8.36603e-06
0.0006	0.0006	0.0545455	-8.36111e-06
0.0006	0.0006	0.0727273	-8.35621e-06
0.0006	0.0006	0.0909091	-8.35131e-06
0.0006	0.0006	0.109091	-8.34642e-06
0.0006	0.0006	0.127273	-8.34153e-06
0.0006	0.0006	0.145455	-8.33666e-06
0.0006	0.0006	0.163636	-8.33179e-06
0.0006	0.0006	0.181818	-8.32693e-06
0.0006	0.0006	0.2	-8.32208e-06
0.0006	0.0008	0.0181818	-0.000354736
0.0006	0.0008	0.0363636	-0.000348652
0.0006	0.0008	0.0545455	-0.000342877
0.0006	0.0008	0.0727273	-0.000337383
0.0006	0.0008	0.0909091	-0.000332144
0.0006	0.0008	0.109091	-0.000327141
0.0006	0.0008	0.127273	-0.000322354
0.0006	0.0008	0.145455	-0.000317766
0.0006	0.0008	0.163636	-0.000313363
0.0006	0.0008	0.181818	-0.000309132
0.0006	0.0008	0.2	-0.000305061
0.0006	0.001	0.0181818	-9.13902e-05
0.0006	0.001	0.0363636	-9.09848e-05
0.0006	0.001	0.0545455	-9.05851e-05
0.0006	0.001	0.0727273	-9.01908e-05
0.0006	0.001	0.0909091	-8.98018e-05
0.0006	0.001	0.109091	-8.9418e-05
0.0006	0.001	0.127273	-8.90393e-05
0.0006	0.001	0.145455	-8.86655e-05
0.0006	0.001	0.163636	-8.82965e-05
0.0006	0.001	0.181818	-8.79322e-05
0.0006	0.001	0.2	-8.75726e-05
0.0006	0.0012	0.0181818	-4.0332e-05
0.0006	0.0012	0.0363636	-4.02507e-05
0.0006	0.0012	0.0545455	-4.017e-05
0.0006	0.0012	0.0727273	-4.00897e-05
0.0006	0.0012	0.0909091	-4.00099e-05
0.0006	0.0012	0.109091	-3.99307e-05
0.0006	0.0012	0.127273	-3.98519e-05
0.0006	0.0012	0.145455	-3.97736e-05
0.0006	0.0012	0.163636	-3.96957e-05
0.0006	0.0012	0.181818	-3.96184e-05
0.0006	0.0012	0.2	-3.95414e-05
0.0006	0.0014	0.0181818	-2.13053e-05
0.0006	0.0014	0.0363636	-2.12797e-05
0.0006	0.0014	0.0545455	-2.12542e-05
0.0006	0.0014	0.0727273	-2.12288e-05
0.0006	0.0014	0.0909091	-2.12035e-05
0.0006	0.0014	0.109091	-2.11783e-05
0.0006	0.0014	0.127273	-2.11532e-05
0.0006	0.0014	0.145455	-2.11281e-05
0.0006	0.0014	0.163636	-2.11032e-05
0.0006	0.0014	0.181818	-2.10783e-05
0.0006	0.0014	0.2	-2.10535e-05
0.0006	0.0016	0.0181818	-1.15064e-05
0.0006	0.0016	0.0363636	-1.14965e-05
0.0006	0.0016	0.0545455	-1.14867e-05
0.0006	0.0016	0.0727273	-1.14769e-05
0.0006	0.0016	0.0909091	-1.14671e-05
0.0006	0.0016	0.109091	-1.14573e-05
0.0006	0.0016	0.127273	-1.14476e-05
0.0006	0.0016	0.145455	-1.14379e-05
0.0006	0.0016	0.163636	-1.14282e-05
0.0006	0.0016	0.181818	-1.14185e-05
0.0006	0.0016	0.2	-1.14089e-05
0.0006	0.0018	0.0181818	-5.13348e-06
0.0006	0.0018	0.0363636	-5.12986e-06
0.0006	0.0018	0.0545455	-5.12624e-06
0.0006	0.0018	0.0727273	-5.12262e-06
0.0006	0.0018	0.0909091	-5.11902e-06
0.0006	0.0018	0.109091	-5.11542e-06
0.0006	0.0018	0.127273	-5.11183e-06
0.0006	0.0018	0.145455	-5.10824e-06
0.0006	0.0018	0.163636	-5.10466e-06
0.0006	0.0018	0.181818	-5.10109e-06
0.0006	0.0018	0.2	-5.09752e-06
0.0006	0.002	0.0181818	6.86493e-19
0.0006	0.002	0.0363636	6.17735e-19
0.0006	0.002	0.0545455	5.77049e-19
0.0006	0.002	0.0727273	3.19032e-19
0.0006	0.002	0.0909091	6.20558e-19
0.0006	0.002	0.109091	7.50342e-19
0.0006	0.002	0.127273	5.78167e-19
0.0006	0.002	0.145455	8.3291e-19
0.0006	0.002	0.163636	5.55604e-19
0.0006	0.002	0.181818	9.39617e-19
0.0006	0.002	0.2	2.75765e-19
0.0008	0	0.0181818	4.10874e-17
0.0008	0	0.0363636	4.18777e-17
0.0008	0	0.0545455	3.98397e-17
0.0008	0	0.0727273	4.16497e-17
0.0008	0	0.0909091	4.16506e-17
0.0008	0	0.109091	4.14651e-17
0.0008	0	0.127273	4.12023e-17
0.0008	0	0.145455	4.07789e-17
0.0008	0	0.163636	4.16834e-17
0.0008	0	0.181818	4.16692e-17
0.0008	0	0.2	4.14177e-17
0.0008	0.0002	0.0181818	2.57732e-05
0.0008	0.0002	0.0363636	2.57029e-05
0.0008	0.0002	0.0545455	2.56331e-05
0.0008	0.0002	0.0727273	2.55637e-05
0.0008	0.0002	0.0909091	2.54949e-05
0.0008	0.0002	0.109091	2.54265e-05
0.0008	0.0002	0.127273	2.53585e-05
0.0008	0.0002	0.145455	2.5291e-05
0.0008	0.0002	0.163636	2.5224e-05
0.0008	0.0002	0.181818	2.51574e-05
0.0008	0.0002	0.2	2.50913e-05
0.0008	0.0004	0.0181818	7.97818e-05
0.0008	0.0004	0.0363636	7.93826e-05
0.0008	0.0004	0.0545455	7.89891e-05
0.0008	0.0004	0.0727273	7.8601e-05
0.0008	0.0004	0.0909091	7.82182e-05
0.0008	0.0004	0.109091	7.78406e-05
0.0008	0.0004	0.127273	7.7468e-05
0.0008	0.0004	0.145455	7.71004e-05
0.0008	0.0004	0.163636	7.67376e-05
0.0008	0.0004	0.181818	7.63795e-05
0.0008	0.0004	0.2	7.60259e-05
0.0008	0.0006	0.0181818	0.000343974
0.0008	0.0006	0.0363636	0.000337895
0.0008	0.0006	0.0545455	0.000332125
0.0008	0.0006	0.0727273	0.000326636
0.0008	0.0006	0.0909091	0.000321403
0.0008	0.0006	0.109091	0.000316404
0.0008	0.0006	0.127273	0.000311622
0.0008	0.0006	0.145455	0.000307039
0.0008	0.0006	0.163636	0.000302641
0.0008	0.0006	0.181818	0.000298415
0.0008	0.0006	0.2	0.000294349
0.0008	0.0008	0.0181818	-3.23747e-06
0.0008	0.0008	0.0363636	-3.23617e-06
0.0008	0.0008	0.0545455	-3.23488e-06
0.0008	0.0008	0.0727273	-3.23358e-06
0.0008	0.0008	0.0909091	-3.23229e-06
0.0008	0.0008	0.109091	-3.231e-06
0.0008	0.0008	0.127273	-3.22971e-06
0.0008	0.0008	0.145455	-3.22842e-06
0.0008	0.0008	0.163636	-3.22713e-06
0.0008	0.0008	0.181818	-3.22584e-06
0.0008	0.0008	0.2	-3.22456e-06
0.0008	0.001	0.0181818	-0.000350881
0.0008	0.001	0.0363636	-0.0003448
0.0008	0.001	0.0545455	-0.000339027
0.0008	0.001	0.0727273	-0.000333534
0.0008	0.001	0.0909091	-0.000328298
0.0008	0.001	0.109091	-0.000323296
0.0008	0.001	0.127273	-0.000318511
0.0008	0.001	0.145455	-0.000313925
0.0008	0.001	0.163636	-0.000309524
0.0008	0.001	0.181818	-0.000305295
0.0008	0.001	0.2	-0.000301225
0.0008	0.0012	0.0181818	-8.81527e-05
0.0008	0.0012	0.0363636	-8.77487e-05
0.0008	0.0012	0.0545455	-8.73502e-05
0.0008	0.0012	0.0727273	-8.69572e-05
0.0008	0.0012	0.0909091	-8.65695e-05
0.0008	0.0012	0.109091	-8.6187e-05
0.0008	0.0012	0.127273	-8.58096e-05
0.0008	0.0012	0.145455	-8.54371e-05
0.0008	0.0012	0.163636	-8.50694e-05
0.0008	0.0012	0.181818	-8.47064e-05
0.0008	0.0012	0.2	-8.4348e-05
0.0008	0.0014	0.0181818	-3.72796e-05
0.0008	0.0014	0.0363636	-3.71994e-05
0.0008	0.0014	0.0545455	-3.71198e-05
0.0008	0.0014	0.0727273	-3.70406e-05
0.0008	0.0014	0.0909091	-3.6962e-05
0.0008	0.0014	0.109091	-3.68838e-05
0.0008	0.0014	0.127273	-3.68061e-05
0.0008	0.0014	0.145455	-3.67289e-05
0.0008	0.0014	0.163636	-3.66522e-05
0.0008	0.0014	0.181818	-3.65759e-05
0.0008	0.0014	0.2	-3.65001e-05
0.0008	0.0016	0.0181818	-1.80678e-05
0.0008	0.0016	0.0363636	-1.80435e-05
0.0008	0.0016	0.0545455	-1.80193e-05
0.0008	0.0016	0.0727273	-1.79952e-05
0.0008	0.0016	0.0909091	-1.79712e-05
0.0008	0.0016	0.109091	-1.79473e-05
0.0008	0.0016	0.127273	-1.79235e-05
0.0008	0.0016	0.145455	-1.78997e-05
0.0008	0.0016	0.163636	-1.7876e-05
0.0008	0.0016	0.181818	-1.78525e-05
0.0008	0.0016	0.2	-1.7829e-05
0.0008	0.0018	0.0181818	-7.65165e-06
0.0008	0.0018	0.0363636	-7.64376e-06
0.0008	0.0018	0.0545455	-7.63589e-06
0.0008	0.0018	0.0727273	-7.62803e-06
0.0008	0.0018	0.0909091	-7.6202e-06
0.0008	0.0018	0.109091	-7.6124e-06
0.0008	0.0018	0.127273	-7.60461e-06
0.0008	0.0018	0.145455	-7.59684e-06
0.0008	0.0018	0.163636	-7.58909e-06
0.0008	0.0018	0.181818	-7.58136e-06
0.0008	0.0018	0.2	-7.57365e-06
0.0008	0.002	0.0181818	-2.16505e-18
0.0008	0.002	0.0363636	-2.24162e-18
0.0008	0.002	0.0545455	-2.33272e-18
0.0008	0.002	0.0727273	-2.31764e-18
0.0008	0.002	0.0909091	-2.48371e-18
0.0008	0.002	0.109091	-1.99375e-18
0.0008	0.002	0.127273	-2.40598e-18
0.0008	0.002	0.145455	-1.96642e-18
0.0008	0.002	0.163636	-2.42444e-18
0.0008	0.002	0.181818	-2.17224e-18
0.0008	0.002	0.2	-2.03714e-18
0.001	0	0.0181818	1.47283e-16
0.001	0	0.0363636	1.46934e-16
0.001	0	0.0545455	1.46687e-16
0.001	0	0.0727273	1.46801e-16
0.001	0	0.0909091	1.4702e-16
0.001	0	0.109091	1.46415e-16
0.001	0	0.127273	1.45777e-16
0.001	0	0.145455	1.4607e-16
0.001	0	0.163636	1.46086e-16
0.001	0	0.181818	1.461e-16
0.001	0	0.2	1.45561e-16
0.001	0.0002	0.0181818	1.29343e-05
0.001	0.0002	0.0363636	1.29137e-05
0.001	0.0002	0.0545455	1.28931e-05
0.001	0.0002	0.0727273	1.28726e-05
0.001	0.0002	0.0909091	1.28522e-05
0.001	0.0002	0.109091	1.28319e-05
0.001	0.0002	0.127273	1.28116e-05
0.001	0.0002	0.145455	1.27915e-05
0.001	0.0002	0.163636	1.27714e-05
0.001	0.0002	0.181818	1.27514e-05
0.001	0.0002	0.2	1.27314e-05
0.001	0.0004	0.0181818	3.34248e-05
0.001	0.0004	0.0363636	3.33466e-05
0.001	0.0004	0.0545455	3.32689e-05
0.001	0.0004	0.0727273	3.31918e-05
0.001	0.0004	0.0909091	3.31151e-05
0.001	0.0004	0.109091	3.30389e-05
0.001	0.0004	0.127273	3.29631e-05
0.001	0.0004	0.145455	3.28879e-05
0.001	0.0004	0.163636	3.28131e-05
0.001	0.0004	0.181818	3.27388e-05
0.001	0.0004	0.2	3.26649e-05
0.001	0.0006	0.0181818	8.49153e-05
0.001	0.0006	0.0363636	8.45125e-05
0.001	0.0006	0.0545455	8.41153e-05
0.001	0.0006	0.0727273	8.37236e-05
0.001	0.0006	0.0909091	8.33372e-05
0.001	0.0006	0.109091	8.2956e-05
0.001	0.0006	0.127273	8.25799e-05
0.001	0.0006	0.145455	8.22086e-05
0.001	0.0006	0.163636	8.18422e-05
0.001	0.0006	0.181818	8.14805e-05
0.001	0.0006	0.2	8.11234e-05
0.001	0.0008	0.0181818	0.000347829
0.001	0.0008	0.0363636	0.000341748
0.001	0.0008	0.0545455	0.000335976
0.001	0.0008	0.0727273	0.000330485
0.001	0.0008	0.0909091	0.00032525
0.001	0.0008	0.109091	0.000320249
0.001	0.0008	0.127273	0.000315465
0.001	0.0008	0.145455	0.00031088
0.001	0.0008	0.163636	0.00030648
0.001	0.0008	0.181818	0.000302252
0.001	0.0008	0.2	0.000298184
0.001	0.001	0.0181818	9.18798e-18
0.001	0.001	0.0363636	5.94215e-18
0.001	0.001	0.0545455	6.72861e-18
0.001	0.001	0.0727273	4.70556e-18
0.001	0.001	0.0909091	9.82429e-18
0.001	0.001	0.109091	-1.16199e-18
0.001	0.001	0.127273	-1.57611e-18
0.001	0.001	0.145455	5.14858e-19
0.001	0.001	0.163636	2.51845e-18
0.001	0.001	0.181818	9.94225e-18
0.001	0.001	0.2	2.31726e-18
0.001	0.0012	0.0181818	-0.000347829
0.001	0.0012	0.0363636	-0.000341748
0.001	0.0012	0.0545455	-0.000335976
0.001	0.0012	0.0727273	-0.000330485
0.001	0.0012	0.0909091	-0.00032525
0.001	0.0012	0.109091	-0.000320249
0.001	0.0012	0.127273	-0.000315465
0.001	0.0012	0.145455	-0.00031088
0.001	0.0012	0.163636	-0.00030648
0.001	0.0012	0.181818	-0.000302252
0.001	0.0012	0.2	-0.000298184
0.001	0.0014	0.0181818	-8.49153e-05
0.001	0.0014	0.0363636	-8.45125e-05
0.001	0.0014	0.0545455	-8.41153e-05
0.001	0.0014	0.0727273	-8.37236e-05
0.001	0.0014	0.0909091	-8.33372e-05
0.001	0.0014	0.109091	-8.2956e-05
0.001	0.0014	0.127273	-8.25799e-05
0.001	0.0014	0.145455	-8.22086e-05
0.001	0.0014	0.163636	-8.18422e-05
0.001	0.0014	0.181818	-8.14805e-05
0.001	0.0014	0.2	-8.11234e-05
0.001	0.0016	0.0181818	-3.34248e-05
0.001	0.0016	0.0363636	-3.33466e-05
0.001	0.0016	0.0545455	-3.32689e-05
0.001	0.0016	0.0727273	-3.31918e-05
0.001	0.0016	0.0909091	-3.31151e-05
0.001	0.0016	0.109091	-3.30389e-05
0.001	0.0016	0.127273	-3.29631e-05
0.001	0.0016	0.145455	-3.28879e-05
0.001	0.0016	0.163636	-3.28131e-05
0.001	0.0016	0.181818	-3.27388e-05
0.001	0.0016	0.2	-3.26649e-05
0.001	0.0018	0.0181818	-1.29343e-05
0.001	0.0018	0.0363636	-1.29137e-05
0.001	0.0018	0.0545455	-1.28931e-05
0.001	0.0018	0.0727273	-1.28726e-05
0.001	0.0018	0.0909091	-1.28522e-05
0.001	0.0018	0.109091	-1.28319e-05
0.001	0.0018	0.127273	-1.28116e-05
0.001	0.0018	0.145455	-1.27915e-05
0.001	0.0018	0.163636	-1.27714e-05
0.001	0.0018	0.181818	-1.27514e-05
0.001	0.0018	0.2	-1.27314e-05
0.001	0.002	0.0181818	-1.17162e-16
0.001	0.002	0.0363636	-1.1705e-16
0.001	0.002	0.0545455	-1.16811e-16
0.001	0.002	0.0727273	-1.16652e-16
0.001	0.002	0.0909091	-1.17032e-16
0.001	0.002	0.109091	-1.16427e-16
0.001	0.002	0.127273	-1.16719e-16
0.001	0.002	0.145455	-1.16339e-16
0.001	0.002	0.163636	-1.16496e-16
0.001	0.002	0.181818	-1.16625e-16
0.001	0.002	0.2	-1.16098e-16
0.0012	0	0.0181818	1.98837e-17
0.0012	0	0.0363636	2.00441e-17
0.0012	0	0.0545455	2.00375e-17
0.0012	0	0.0727273	2.01452e-17
0.0012	0	0.0909091	1.99954e-17
0.0012	0	0.109091	1.97865e-17
0.0012	0	0.127273	2.00934e-17
0.0012	0	0.145455	2.00132e-17
0.0012	0	0.163636	1.95626e-17
0.0012	0	0.181818	1.97726e-17
0.0012	0	0.2	1.97979e-17
0.0012	0.0002	0.0181818	7.65165e-06
0.0012	0.0002	0.0363636	7.64376e-06
0.0012	0.0002	0.0545455	7.63589e-06
0.0012	0.0002	0.0727273	7.62803e-06
0.0012	0.0002	0.0909091	7.6202e-06
0.0012	0.0002	0.109091	7.6124e-06
0.0012	0.0002	0.127273	7.60461e-06
0.0012	0.0002	0.145455	7.59684e-06
0.0012	0.0002	0.163636	7.58909e-06
0.0012	0.0002	0.181818	7.58136e-06
0.0012	0.0002	0.2	7.57365e-06
0.0012	0.0004	0.0181818	1.80678e-05
0.0012	0.0004	0.0363636	1.80435e-05
0.0012	0.0004	0.0545455	1.80193e-05
0.0012	0.0004	0.0727273	1.79952e-05
0.0012	0.0004	0.0909091	1.79712e-05
0.0012	0.0004	0.109091	1.79473e-05
0.0012	0.0004	0.127273	1.79235e-05
0.0012	0.0004	0.145455	1.78997e-05
0.0012	0.0004	0.163636	1.7876e-05
0.0012	0.0004	0.181818	1.78525e-05
0.0012	0.0004	0.2	1.7829e-05
0.0012	0.0006	0.0181818	3.72796e-05
0.0012	0.0006	0.0363636	3.71994e-05
0.0012	0.0006	0.0545455	3.71198e-05
0.0012	0.0006	0.0727273	3.70406e-05
0.0012	0.0006	0.0909091	3.6962e-05
0.0012	0.0006	0.109091	3.68838e-05
0.0012	0.0006	0.127273	3.68061e-05
0.0012	0.0006	0.145455	3.67289e-05
0.0012	0.0006	0.163636	3.66522e-05
0.0012	0.0006	0.181818	3.65759e-05
0.0012	0.0006	0.2	3.65001e-05
0.0012	0.0008	0.0181818	8.81527e-05
0.0012	0.0008	0.0363636	8.77487e-05
0.0012	0.0008	0.0545455	8.73502e-05
0.0012	0.0008	0.0727273	8.69572e-05
0.0012	0.0008	0.0909091	8.65695e-05
0.0012	0.0008	0.109091	8.6187e-05
0.0012	0.0008	0.127273	8.58096e-05
0.0012	0.0008	0.145455	8.54371e-05
0.0012	0.0008	0.163636	8.50694e-05
0.0012	0.0008	0.181818	8.47064e-05
0.0012	0.0008	0.2	8.4348e-05
0.0012	0.001	0.0181818	0.000350881
0.0012	0.001	0.0363636	0.0003448
0.0012	0.001	0.0545455	0.000339027
0.0012	0.001	0.0727273	0.000333534
0.0012	0.001	0.0909091	0.000328298
0.0012	0.001	0.109091	0.000323296
0.0012	0.001	0.127273	0.000318511
0.0012	0.001	0.145455	0.000313925
0.0012	0.001	0.163636	0.000309524
0.0012	0.001	0.181818	0.000305295
0.0012	0.001	0.2	0.000301225
0.0012	0.0012	0.0181818	3.23747e-06
0.0012	0.0012	0.0363636	3.23617e-06
0.0012	0.0012	0.0545455	3.23488e-06
0.0012	0.0012	0.0727273	3.23358e-06
0.0012	0.0012	0.0909091	3.23229e-06
0.0012	0.0012	0.109091	3.231e-06
0.0012	0.0012	0.127273	3.22971e-06
0.0012	0.0012	0.145455	3.22842e-06
0.0012	0.0012	0.163636	3.22713e-06
0.0012	0.0012	0.181818	3.22584e-06
0.0012	0.0012	0.2	3.22456e-06
0.0012	0.0014	0.0181818	-0.000343974
0.0012	0.0014	0.0363636	-0.000337895
0.0012	0.0014	0.0545455	-0.000332125
0.0012	0.0014	0.0727273	-0.000326636
0.0012	0.0014	0.0909091	-0.000321403
0.0012	0.0014	0.109091	-0.000316404
0.0012	0.0014	0.127273	-0.000311622
0.0012	0.0014	0.145455	-0.000307039
0.0012	0.0014	0.163636	-0.000302641
0.0012	0.0014	0.181818	-0.000298415
0.0012	0.0014	0.2	-0.000294349
0.0012	0.0016	0.0181818	-7.97818e-05
0.0012	0.0016	0.0363636	-7.93826e-05
0.0012	0.0016	0.0545455	-7.89891e-05
0.0012	0.0016	0.0727273	-7.8601e-05
0.0012	0.0016	0.0909091	-7.82182e-05
0.0012	0.0016	0.109091	-7.78406e-05
0.0012	0.0016	0.127273	-7.7468e-05
0.0012	0.0016	0.145455	-7.71004e-05
0.0012	0.0016	0.163636	-7.67376e-05
0.0012	0.0016	0.181818	-7.63795e-05
0.0012	0.0016	0.2	-7.60259e-05
0.0012	0.0018	0.0181818	-2.57732e-05
0.0012	0.0018	0.0363636	-2.57029e-05
0.0012	0.0018	0.0545455	-2.56331e-05
0.0012	0.0018	0.0727273	-2.55637e-05
0.0012	0.0018	0.0909091	-2.54949e-05
0.0012	0.0018	0.109091	-2.54265e-05
0.0012	0.0018	0.127273	-2.53585e-05
0.0012	0.0018	0.145455	-2.5291e-05
0.0012	0.0018	0.163636	-2.5224e-05
0.0012	0.0018	0.181818	-2.51574e-05
0.0012	0.0018	0.2	-2.50913e-05
0.0012	0.002	0.0181818	-9.18031e-18
0.0012	0.002	0.0363636	-9.02499e-18
0.0012	0.002	0.0545455	-8.96874e-18
0.0012	0.002	0.0727273	-8.52466e-18
0.0012	0.002	0.0909091	-9.01454e-18
0.0012	0.002	0.109091	-8.95541e-18
0.0012	0.002	0.127273	-1.01542e-17
0.0012	0.002	0.145455	-8.50727e-18
0.0012	0.002	0.163636	-9.15469e-18
0.0012	0.002	0.181818	-8.77297e-18
0.0012	0.002	0.2	-8.51245e-18
0.0014	0	0.0181818	1.51469e-17
0.0014	0	0.0363636	1.46816e-17
0.0014	0	0.0545455	1.5153e-17
0.0014	0	0.0727273	1.49948e-17
0.0014	0	0.0909091	1.50538e-17
0.0014	0	0.109091	1.51283e-17
0.0014	0	0.127273	1.55307e-17
0.0014	0	0.145455	1.50926e-17
0.0014	0	0.163636	1.52177e-17
0.0014	0	0.181818	1.47477e-17
0.0014	0	0.2	1.5409e-17
0.0014	0.0002	0.0181818	5.13348e-06
0.0014	0.0002	0.0363636	5.12986e-06
0.0014	0.0002	0.0545455	5.12624e-06
0.0014	0.0002	0.0727273	5.12262e-06
0.0014	0.0002	0.0909091	5.11902e-06
0.0014	0.0002	0.109091	5.11542e-06
0.0014	0.0002	0.127273	5.11183e-06
0.0014	0.0002	0.145455	5.10824e-06
0.0014	0.0002	0.163636	5.10466e-06
0.0014	0.0002	0.181818	5.10109e-06
0.0014	0.0002	0.2	5.09752e-06
0.0014	0.0004	0.0181818	1.15064e-05
0.0014	0.0004	0.0363636	1.14965e-05
0.0014	0.0004	0.0545455	1.14867e-05
0.0014	0.0004	0.0727273	1.14769e-05
0.0014	0.0004	0.0909091	1.14671e-05
0.0014	0.0004	0.109091	1.14573e-05
0.0014	0.0004	0.127273	1.14476e-05
0.0014	0.0004	0.145455	1.14379e-05
0.0014	0.0004	0.163636	1.14282e-05
0.0014	0.0004	0.181818	1.14185e-05
0.0014	0.0004	0.2	1.14089e-05
0.0014	0.0006	0.0181818	2.13053e-05
0.0014	0.0006	0.0363636	2.12797e-05
0.0014	0.0006	0.0545455	2.12542e-05
0.0014	0.0006	0.0727273	2.12288e-05
0.0014	0.0006	0.0909091	2.12035e-05
0.0014	0.0006	0.109091	2.11783e-05
0.0014	0.0006	0.127273	2.11532e-05
0.0014	0.0006	0.145455	2.11281e-05
0.0014	0.0006	0.163636	2.11032e-05
0.0014	0.0006	0.181818	2.10783e-05
0.0014	0.0006	0.2	2.10535e-05
0.0014	0.0008	0.0181818	4.0332e-05
0.0014	0.0008	0.0363636	4.02507e-05
0.0014	0.0008	0.0545455	4.017e-05
0.0014	0.0008	0.0727273	4.00897e-05
0.0014	0.0008	0.0909091	4.00099e-05
0.0014	0.0008	0.109091	3.99307e-05
0.0014	0.0008	0.127273	3.98519e-05
0.0014	0.0008	0.145455	3.97736e-05
0.0014	0.0008	0.163636	3.96957e-05
0.0014	0.0008	0.181818	3.96184e-05
0.0014	0.0008	0.2	3.95414e-05
0.0014	0.001	0.0181818	9.13902e-05
0.0014	0.001	0.0363636	9.09848e-05
0.0014	0.001	0.0545455	9.05851e-05
0.0014	0.001	0.0727273	9.01908e-05
0.0014	0.001	0.0909091	8.98018e-05
0.0014	0.001	0.109091	8.9418e-05
0.0014	0.001	0.127273	8.90393e-05
0.0014	0.001	0.145455	8.86655e-05
0.0014	0.001	0.163636	8.82965e-05
0.0014	0.001	0.181818	8.79322e-05
0.0014	0.001	0.2	8.75726e-05
0.0014	0.0012	0.0181818	0.000354736
0.0014	0.0012	0.0363636	0.000348652
0.0014	0.0012	0.0545455	0.000342877
0.0014	0.0012	0.0727273	0.000337383
0.0014	0.0012	0.0909091	0.000332144
0.0014	0.0012	0.109091	0.000327141
0.0014	0.0012	0.127273	0.000322354
0.0014	0.0012	0.145455	0.000317766
0.0014	0.0012	0.163636	0.000313363
0.0014	0.0012	0.181818	0.000309132
0.0014	0.0012	0.2	0.000305061
0.0014	0.0014	0.0181818	8.37095e-06
0.0014	0.0014	0.0363636	8.36603e-06
0.0014	0.0014	0.0545455	8.36111e-06
0.0014	0.0014	0.0727273	8.35621e-06
0.0014	0.0014	0.0909091	8.35131e-06
0.0014	0.0014	0.109091	8.34642e-06
0.0014	0.0014	0.127273	8.34153e-06
0.0014	0.0014	0.145455	8.33666e-06
0.0014	0.0014	0.163636	8.33179e-06
0.0014	0.0014	0.181818	8.32693e-06
0.0014	0.0014	0.2	8.32208e-06
0.0014	0.0016	0.0181818	-0.000336322
0.0014	0.0016	0.0363636	-0.000330252
0.0014	0.0016	0.0545455	-0.00032449
0.0014	0.0016	0.0727273	-0.000319008
0.0014	0.0016	0.0909091	-0.000313782
0.0014	0.0016	0.109091	-0.000308792
0.0014	0.0016	0.127273	-0.000304017
0.0014	0.0016	0.145455	-0.000299442
0.0014	0.0016	0.163636	-0.000295052
0.0014	0.0016	0.181818	-0.000290834
0.0014	0.0016	0.2	-0.000286775
0.0014	0.0018	0.0181818	-6.68475e-05
0.0014	0.0018	0.0363636	-6.6469e-05
0.0014	0.0018	0.0545455	-6.6096e-05
0.0014	0.0018	0.0727273	-6.57284e-05
0.0014	0.0018	0.0909091	-6.5366e-05
0.0014	0.0018	0.109091	-6.50087e-05
0.0014	0.0018	0.127273	-6.46564e-05
0.0014	0.0018	0.145455	-6.43089e-05
0.0014	0.0018	0.163636	-6.39662e-05
0.0014	0.0018	0.181818	-6.36281e-05
0.0014	0.0018	0.2	-6.32945e-05
0.0014	0.002	0.0181818	-4.42036e-18
0.0014	0.002	0.0363636	-4.66374e-18
0.0014	0.002	0.0545455	-4.16115e-18
0.0014	0.002	0.0727273	-5.28586e-18
0.0014	0.002	0.0909091	-4.10265e-18
0.0014	0.002	0.109091	-4.36171e-18
0.0014	0.002	0.127273	-4.02842e-18
0.0014	0.002	0.145455	-4.44889e-18
0.0014	0.002	0.163636	-4.164e-18
0.0014	0.002	0.181818	-4.27941e-18
0.0014	0.002	0.2	-4.94097e-18
0.0016	0	0.0181818	1.27914e-17
0.0016	0	0.0363636	1.27756e-17
0.0016	0	0.0545455	1.2988e-17
0.0016	0	0.0727273	1.31887e-17
0.0016	0	0.0909091	1.28845e-17
0.0016	0	0.109091	1.2576e-17
0.0016	0	0.127273	1.26227e-17
0.0016	0	0.145455	1.24278e-17
0.0016	0	0.163636	1.27306e-17
0.0016	0	0.181818	1.27948e-17
0.0016	0	0.2	1.27557e-17
0.0016	0.0002	0.0181818	3.85475e-06
0.0016	0.0002	0.0363636	3.85279e-06
0.0016	0.0002	0.0545455	3.85083e-06
0.0016	0.0002	0.0727273	3.84887e-06
0.0016	0.0002	0.0909091	3.84691e-06
0.0016	0.0002	0.109091	3.84495e-06
0.0016	0.0002	0.127273	3.843e-06
0.0016	0.0002	0.145455	3.84105e-06
0.0016	0.0002	0.163636	3.83911e-06
0.0016	0.0002	0.181818	3.83716e-06
0.0016	0.0002	0.2	3.83522e-06
0.0016	0.0004	0.0181818	8.37095e-06
0.0016	0.0004	0.0363636	8.36603e-06
0.0016	0.0004	0.0545455	8.36111e-06
0.0016	0.0004	0.0727273	8.35621e-06
0.0016	0.0004	0.0909091	8.35131e-06
0.0016	0.0004	0.109091	8.34642e-06
0.0016	0.0004	0.127273	8.34153e-06
0.0016	0.0004	0.145455	8.33666e-06
0.0016	0.0004	0.163636	8.33179e-06
0.0016	0.0004	0.181818	8.32693e-06
0.0016	0.0004	0.2	8.32208e-06
0.0016	0.0006	0.0181818	1.45588e-05
0.0016	0.0006	0.0363636	1.45479e-05
0.0016	0.0006	0.0545455	1.45369e-05
0.0016	0.0006	0.0727273	1.4526e-05
0.0016	0.0006	0.0909091	1.45151e-05
0.0016	0.0006	0.109091	1.45042e-05
0.0016	0.0006	0.127273	1.44934e-05
0.0016	0.0006	0.145455	1.44825e-05
0.0016	0.0006	0.163636	1.44717e-05
0.0016	0.0006	0.181818	1.4461e-05
0.0016	0.0006	0.2	1.44502e-05
0.0016	0.0008	0.0181818	2.45428e-05
0.0016	0.0008	0.0363636	2.45159e-05
0.0016	0.0008	0.0545455	2.44891e-05
0.0016	0.0008	0.0727273	2.44624e-05
0.0016	0.0008	0.0909091	2.44358e-05
0.0016	0.0008	0.109091	2.44093e-05
0.0016	0.0008	0.127273	2.43829e-05
0.0016	0.0008	0.145455	2.43565e-05
0.0016	0.0008	0.163636	2.43303e-05
0.0016	0.0008	0.181818	2.43041e-05
0.0016	0.0008	0.2	2.42781e-05
0.0016	0.001	0.0181818	4.41868e-05
0.0016	0.001	0.0363636	4.41035e-05
0.0016	0.001	0.0545455	4.40208e-05
0.0016	0.001	0.0727273	4.39386e-05
0.0016	0.001	0.0909091	4.38569e-05
0.0016	0.001	0.109091	4.37756e-05
0.0016	0.001	0.127273	4.36949e-05
0.0016	0.001	0.145455	4.36146e-05
0.0016	0.001	0.163636	4.35348e-05
0.0016	0.001	0.181818	4.34555e-05
0.0016	0.001	0.2	4.33767e-05
0.0016	0.0012	0.0181818	9.65237e-05
0.0016	0.0012	0.0363636	9.61147e-05
0.0016	0.0012	0.0545455	9.57113e-05
0.0016	0.0012	0.0727273	9.53134e-05
0.0016	0.0012	0.0909091	9.49208e-05
0.0016	0.0012	0.109091	9.45334e-05
0.0016	0.0012	0.127273	9.41511e-05
0.0016	0.0012	0.145455	9.37737e-05
0.0016	0.0012	0.163636	9.34012e-05
0.0016	0.0012	0.181818	9.30333e-05
0.0016	0.0012	0.2	9.26701e-05
0.0016	0.0014	0.0181818	0.000362388
0.0016	0.0014	0.0363636	0.000356296
0.0016	0.0014	0.0545455	0.000350513
0.0016	0.0014	0.0727273	0.000345011
0.0016	0.0014	0.0909091	0.000339765
0.0016	0.0014	0.109091	0.000334753
0.0016	0.0014	0.127273	0.000329958
0.0016	0.0014	0.145455	0.000325363
0.0016	0.0014	0.163636	0.000320952
0.0016	0.0014	0.181818	0.000316713
0.0016	0.0014	0.2	0.000312634
0.0016	0.0016	0.0181818	2.13053e-05
0.0016	0.0016	0.0363636	2.12797e-05
0.0016	0.0016	0.0545455	2.12542e-05
0.0016	0.0016	0.0727273	2.12288e-05
0.0016	0.0016	0.0909091	2.12035e-05
0.0016	0.0016	0.109091	2.11783e-05
0.0016	0.0016	0.127273	2.11532e-05
0.0016	0.0016	0.145455	2.11281e-05
0.0016	0.0016	0.163636	2.11032e-05
0.0016	0.0016	0.181818	2.10783e-05
0.0016	0.0016	0.2	2.10535e-05
0.0016	0.0018	0.0181818	-0.000310549
0.0016	0.0018	0.0363636	-0.000304549
0.0016	0.0018	0.0545455	-0.000298857
0.0016	0.0018	0.0727273	-0.000293444
0.0016	0.0018	0.0909091	-0.000288288
0.0016	0.0018	0.109091	-0.000283365
0.0016	0.0018	0.127273	-0.000278659
0.0016	0.0018	0.145455	-0.000274151
0.0016	0.0018	0.163636	-0.000269828
0.0016	0.0018	0.181818	-0.000265676
0.0016	0.0018	0.2	-0.000261684
0.0016	0.002	0.0181818	-1.31441e-17
0.0016	0.002	0.0363636	-1.3209e-17
0.0016	0.002	0.0545455	-1.32538e-17
0.0016	0.002	0.0727273	-1.33741e-17
0.0016	0.002	0.0909091	-1.2353e-17
0.0016	0.002	0.109091	-1.28905e-17
0.0016	0.002	0.127273	-1.18486e-17
0.0016	0.002	0.145455	-1.23231e-17
0.0016	0.002	0.163636	6.88828e-15
0.0016	0.002	0.181818	9.79721e-14
0.0016	0.002	0.2	8.21095e-14
0.0018	0	0.0181818	1.56351e-17
0.0018	0	0.0363636	1.53898e-17
0.0018	0	0.0545455	1.57077e-17
0.0018	0	0.0727273	1.53381e-17
0.0018	0	0.0909091	1.49821e-17
0.0018	0	0.109091	1.54051e-17
0.0018	0	0.127273	1.56869e-17
0.0018	0	0.145455	1.5323e-17
0.0018	0	0.163636	1.56203e-17
0.0018	0	0.181818	1.49681e-17
0.0018	0	0.2	1.56431e-17
0.0018	0.0002	0.0181818	3.23747e-06
0.0018	0.0002	0.0363636	3.23617e-06
0.0018	0.0002	0.0545455	3.23488e-06
0.0018	0.0002	0.0727273	3.23358e-06
0.0018	0.0002	0.0909091	3.23229e-06
0.0018	0.0002	0.109091	3.231e-06
0.0018	0.0002	0.127273	3.22971e-06
0.0018	0.0002	0.145455	3.22842e-06
0.0018	0.0002	0.163636	3.22713e-06
0.0018	0.0002	0.181818	3.22584e-06
0.0018	0.0002	0.2	3.22456e-06
0.0018	0.0004	0.0181818	6.90718e-06
0.0018	0.0004	0.0363636	6.9041e-06
0.0018	0.0004	0.0545455	6.90102e-06
0.0018	0.0004	0.0727273	6.89795e-06
0.0018	0.0004	0.0909091	6.89488e-06
0.0018	0.0004	0.109091	6.89182e-06
0.0018	0.0004	0.127273	6.88876e-06
0.0018	0.0004	0.145455	6.8857e-06
0.0018	0.0004	0.163636	6.88264e-06
0.0018	0.0004	0.181818	6.87959e-06
0.0018	0.0004	0.2	6.87655e-06
0.0018	0.0006	0.0181818	1.16084e-05
0.0018	0.0006	0.0363636	1.16022e-05
0.0018	0.0006	0.0545455	1.1596e-05
0.0018	0.0006	0.0727273	1.15898e-05
0.0018	0.0006	0.0909091	1.15836e-05
0.0018	0.0006	0.109091	1.15774e-05
0.0018	0.0006	0.127273	1.15712e-05
0.0018	0.0006	0.145455	1.15651e-05
0.0018	0.0006	0.163636	1.15589e-05
0.0018	0.0006	0.181818	1.15528e-05
0.0018	0.0006	0.2	1.15466e-05
0.0018	0.0008	0.0181818	1.84136e-05
0.0018	0.0008	0.0363636	1.84006e-05
0.0018	0.0008	0.0545455	1.83877e-05
0.0018	0.0008	0.0727273	1.83749e-05
0.0018	0.0008	0.0909091	1.8362e-05
0.0018	0.0008	0.109091	1.83492e-05
0.0018	0.0008	0.127273	1.83364e-05
0.0018	0.0008	0.145455	1.83236e-05
0.0018	0.0008	0.163636	1.83108e-05
0.0018	0.0008	0.181818	1.82981e-05
0.0018	0.0008	0.2	1.82854e-05
0.0018	0.001	0.0181818	2.96762e-05
0.0018	0.001	0.0363636	2.96457e-05
0.0018	0.001	0.0545455	2.96153e-05
0.0018	0.001	0.0727273	2.9585e-05
0.0018	0.001	0.0909091	2.95548e-05
0.0018	0.001	0.109091	2.95247e-05
0.0018	0.001	0.127273	2.94947e-05
0.0018	0.001	0.145455	2.94648e-05
0.0018	0.001	0.163636	2.9435e-05
0.0018	0.001	0.181818	2.94052e-05
0.0018	0.001	0.2	2.93756e-05
0.0018	0.0012	0.0181818	5.18384e-05
0.0018	0.0012	0.0363636	5.17473e-05
0.0018	0.0012	0.0545455	5.16567e-05
0.0018	0.0012	0.0727273	5.15666e-05
0.0018	0.0012	0.0909091	5.14771e-05
0.0018	0.0012	0.109091	5.1388e-05
0.0018	0.0012	0.127273	5.12995e-05
0.0018	0.0012	0.145455	5.12115e-05
0.0018	0.0012	0.163636	5.11239e-05
0.0018	0.0012	0.181818	5.10369e-05
0.0018	0.0012	0.2	5.09503e-05
0.0018	0.0014	0.0181818	0.000109458
0.0018	0.0014	0.0363636	0.000109028
0.0018	0.0014	0.0545455	0.000108604
0.0018	0.0014	0.0727273	0.000108186
0.0018	0.0014	0.0909091	0.000107773
0.0018	0.0014	0.109091	0.000107365
0.0018	0.0014	0.127273	0.000106963
0.0018	0.0014	0.145455	0.000106565
0.0018	0.0014	0.163636	0.000106173
0.0018	0.0014	0.181818	0.000105785
0.0018	0.0014	0.2	0.000105402
0.0018	0.0016	0.0181818	0.000388161
0.0018	0.0016	0.0363636	0.000381999
0.0018	0.0016	0.0545455	0.000376146
0.0018	0.0016	0.0727273	0.000370575
0.0018	0.0016	0.0909091	0.00036526
0.0018	0.0016	0.109091	0.00036018
0.0018	0.0016	0.127273	0.000355317
0.0018	0.0016	0.145455	0.000350654
0.0018	0.0016	0.163636	0.000346176
0.0018	0.0016	0.181818	0.000341871
0.0018	0.0016	0.2	0.000337725
0.0018	0.0018	0.0181818	8.81527e-05
0.0018	0.0018	0.0363636	8.77487e-05
0.0018	0.0018	0.0545455	8.73502e-05
0.0018	0.0018	0.0727273	8.69572e-05
0.0018	0.0018	0.0909091	8.65695e-05
0.0018	0.0018	0.109091	8.6187e-05
0.0018	0.0018	0.127273	8.58096e-05
0.0018	0.0018	0.145455	8.54371e-05
0.0018	0.0018	0.163636	8.50694e-05
0.0018	0.0018	0.181818	8.47064e-05
0.0018	0.0018	0.2	8.4348e-05
0.0018	0.002	0.0181818	-1.18918e-16
0.0018	0.002	0.0363636	-1.14746e-16
0.0018	0.002	0.0545455	-1.11508e-16
0.0018	0.002	0.0727273	-1.05888e-16
0.0018	0.002	0.0909091	-1.01951e-16
0.0018	0.002	0.109091	-1.02419e-16
0.0018	0.002	0.127273	-9.88374e-17
0.0018	0.002	0.145455	-9.51495e-17
0.0018	0.002	0.163636	-9.21344e-17
0.0018	0.002	0.181818	-8.7503e-17
0.0018	0.002	0.2	-8.88773e-17
0.002	0	0.0181818	1.75276e-17
0.002	0	0.0363636	1.78372e-17
0.002	0	0.0545455	1.80246e-17
0.002	0	0.0727273	1.81383e-17
0.002	0	0.0909091	1.79071e-17
0.002	0	0.109091	1.85291e-17
0.002	0	0.127273	1.85019e-17
0.002	0	0.145455	1.87186e-17
0.002	0	0.163636	1.88834e-17
0.002	0	0.181818	1.91446e-17
0.002	0	0.2	1.92953e-17
0.002	0.0002	0.0181818	3.05243e-06
0.002	0.0002	0.0363636	3.05131e-06
0.002	0.0002	0.0545455	3.0502e-06
0.002	0.0002	0.0727273	3.04909e-06
0.002	0.0002	0.0909091	3.04797e-06
0.002	0.0002	0.109091	3.04686e-06
0.002	0.0002	0.127273	3.04575e-06
0.002	0.0002	0.145455	3.04465e-06
0.002	0.0002	0.163636	3.04354e-06
0.002	0.0002	0.181818	3.04243e-06
0.002	0.0002	0.2	3.04133e-06
0.002	0.0004	0.0181818	6.47494e-06
0.002	0.0004	0.0363636	6.47235e-06
0.002	0.0004	0.0545455	6.46975e-06
0.002	0.0004	0.0727273	6.46717e-06
0.002	0.0004	0.0909091	6.46458e-06
0.002	0.0004	0.109091	6.462e-06
0.002	0.0004	0.127273	6.45942e-06
0.002	0.0004	0.145455	6.45684e-06
0.002	0.0004	0.163636	6.45426e-06
0.002	0.0004	0.181818	6.45169e-06
0.002	0.0004	0.2	6.44912e-06
0.002	0.0006	0.0181818	1.07619e-05
0.002	0.0006	0.0363636	1.07569e-05
0.002	0.0006	0.0545455	1.07519e-05
0.002	0.0006	0.0727273	1.07468e-05
0.002	0.0006	0.0909091	1.07418e-05
0.002	0.0006	0.109091	1.07368e-05
0.002	0.0006	0.127273	1.07318e-05
0.002	0.0006	0.145455	1.07268e-05
0.002	0.0006	0.163636	1.07217e-05
0.002	0.0006	0.181818	1.07168e-05
0.002	0.0006	0.2	1.07118e-05
0.002	0.0008	0.0181818	1.67419e-05
0.002	0.0008	0.0363636	1.67321e-05
0.002	0.0008	0.0545455	1.67222e-05
0.002	0.0008	0.0727273	1.67124e-05
0.002	0.0008	0.0909091	1.67026e-05
0.002	0.0008	0.109091	1.66928e-05
0.002	0.0008	0.127273	1.66831e-05
0.002	0.0008	0.145455	1.66733e-05
0.002	0.0008	0.163636	1.66636e-05
0.002	0.0008	0.181818	1.66539e-05
0.002	0.0008	0.2	1.66442e-05
0.002	0.001	0.0181818	2.60652e-05
0.002	0.001	0.0363636	2.60444e-05
0.002	0.001	0.0545455	2.60236e-05
0.002	0.001	0.0727273	2.60029e-05
0.002	0.001	0.0909091	2.59822e-05
0.002	0.001	0.109091	2.59616e-05
0.002	0.001	0.127273	2.5941e-05
0.002	0.001	0.145455	2.59204e-05
0.002	0.001	0.163636	2.58999e-05
0.002	0.001	0.181818	2.58795e-05
0.002	0.001	0.2	2.58591e-05
0.002	0.0012	0.0181818	4.26106e-05
0.002	0.0012	0.0363636	4.25594e-05
0.002	0.0012	0.0545455	4.25084e-05
0.002	0.0012	0.0727273	4.24576e-05
0.002	0.0012	0.0909091	4.2407e-05
0.002	0.0012	0.109091	4.23566e-05
0.002	0.0012	0.127273	4.23063e-05
0.002	0.0012	0.145455	4.22562e-05
0.002	0.0012	0.163636	4.22063e-05
0.002	0.0012	0.181818	4.21566e-05
0.002	0.0012	0.2	4.2107e-05
0.002	0.0014	0.0181818	7.76116e-05
0.002	0.0014	0.0363636	7.74502e-05
0.002	0.0014	0.0545455	7.72897e-05
0.002	0.0014	0.0727273	7.71303e-05
0.002	0.0014	0.0909091	7.69719e-05
0.002	0.0014	0.109091	7.68145e-05
0.002	0.0014	0.127273	7.6658e-05
0.002	0.0014	0.145455	7.65025e-05
0.002	0.0014	0.163636	7.63479e-05
0.002	0.0014	0.181818	7.61943e-05
0.002	0.0014	0.2	7.60416e-05
0.002	0.0016	0.0181818	0.000176305
0.002	0.0016	0.0363636	0.000175497
0.002	0.0016	0.0545455	0.0001747
0.002	0.0016	0.0727273	0.000173914
0.002	0.0016	0.0909091	0.000173139
0.002	0.0016	0.109091	0.000172374
0.002	0.0016	0.127273	0.000171619
0.002	0.0016	0.145455	0.000170874
0.002	0.0016	0.163636	0.000170139
0.002	0.0016	0.181818	0.000169413
0.002	0.0016	0.2	0.000168696
0.002	0.0018	0.0181818	0.00069871
0.002	0.0018	0.0363636	0.000686548
0.002	0.0018	0.0545455	0.000675003
0.002	0.0018	0.0727273	0.000664019
0.002	0.0018	0.0909091	0.000653547
0.002	0.0018	0.109091	0.000643545
0.002	0.0018	0.127273	0.000633975
0.002	0.0018	0.145455	0.000624805
0.002	0.0018	0.163636	0.000616004
0.002	0.0018	0.181818	0.000607547
0.002	0.0018	0.2	0.000599409
0.002	0.002	0.0181818	1.80174e-14
0.002	0.002	0.0363636	1.31918e-14
0.002	0.002	0.0545455	1.07221e-14
0.002	0.002	0.0727273	9.32211e-15
0.002	0.002	0.0909091	8.40728e-15
0.002	0.002	0.109091	7.6818e-15
0.002	0.002	0.127273	7.0695e-15
0.002	0.002	0.145455	6.54147e-15
0.002	0.002	0.163636	6.07839e-15
0.002	0.002	0.181818	5.68348e-15
0.002	0.002	0.2	5.32278e-15
