0	0	0.0181818	-7.97462e-07
0	0	0.0363636	-6.18937e-07
0	0	0.0545455	-4.78023e-07
0	0	0.0727273	-3.88383e-07
0	0	0.0909091	-3.3341e-07
0	0	0.109091	-3.0333e-07
0	0	0.127273	-2.91046e-07
0	0	0.145455	-2.90858e-07
0	0	0.163636	-2.98346e-07
0	0	0.181818	-3.10269e-07
0	0	0.2	-3.24376e-07
0	0.0002	0.0181818	-0.0012632
0	0.0002	0.0363636	-0.000980413
0	0.0002	0.0545455	-0.000757037
0	0.0002	0.0727273	-0.000613441
0	0.0002	0.0909091	-0.000521171
0	0.0002	0.109091	-0.000463705
0	0.0002	0.127273	-0.00043031
0	0.0002	0.145455	-0.000413248
0	0.0002	0.163636	-0.000406884
0	0.0002	0.181818	-0.000407215
0	0.0002	0.2	-0.000411478
0	0.0004	0.0181818	-0.000318676
0	0.0004	0.0363636	-0.000247335
0	0.0004	0.0545455	-0.00019101
0	0.0004	0.0727273	-0.000155051
0	0.0004	0.0909091	-0.000132637
0	0.0004	0.109091	-0.000119773
0	0.0004	0.127273	-0.000113667
0	0.0004	0.145455	-0.000112153
0	0.0004	0.163636	-0.000113579
0	0.0004	0.181818	-0.00011675
0	0.0004	0.2	-0.000120834
0	0.0006	0.0181818	-0.000140221
0	0.0006	0.0363636	-0.00010883
0	0.0006	0.0545455	-8.40494e-05
0	0.0006	0.0727273	-6.82584e-05
0	0.0006	0.0909091	-5.84977e-05
0	0.0006	0.109091	-5.30298e-05
0	0.0006	0.127273	-5.06158e-05
0	0.0006	0.145455	-5.02773e-05
0	0.0006	0.163636	-5.12617e-05
0	0.0006	0.181818	-5.30201e-05
0	0.0006	0.2	-5.51709e-05
0	0.0008	0.0181818	-7.68278e-05
0	0.0008	0.0363636	-5.96286e-05
0	0.0008	0.0545455	-4.60519e-05
0	0.0008	0.0727273	-3.74064e-05
0	0.0008	0.0909091	-3.20795e-05
0	0.0008	0.109091	-2.91234e-05
0	0.0008	0.127273	-2.78573e-05
0	0.0008	0.145455	-2.77399e-05
0	0.0008	0.163636	-2.83532e-05
0	0.0008	0.181818	-2.93919e-05
0	0.0008	0.2	-3.06437e-05
0	0.001	0.0181818	-4.67943e-05
0	0.001	0.0363636	-3.63186e-05
0	0.001	0.0545455	-2.80495e-05
0	0.001	0.0727273	-2.27855e-05
0	0.001	0.0909091	-1.9547e-05
0	0.001	0.109091	-1.77579e-05
0	0.001	0.127273	-1.70028e-05
0	0.001	0.145455	-1.69506e-05
0	0.001	0.163636	-1.73451e-05
0	0.001	0.181818	-1.79992e-05
0	0.001	0.2	-1.87825e-05
0	0.0012	0.0181818	-2.98508e-05
0	0.0012	0.0363636	-2.31682e-05
0	0.0012	0.0545455	-1.78933e-05
0	0.0012	0.0727273	-1.45359e-05
0	0.0012	0.0909091	-1.2472e-05
0	0.0012	0.109091	-1.13344e-05
0	0.0012	0.127273	-1.08581e-05
0	0.0012	0.145455	-1.08313e-05
0	0.0012	0.163636	-1.10899e-05
0	0.0012	0.181818	-1.15143e-05
0	0.0012	0.2	-1.20209e-05
0	0.0014	0.0181818	-1.90177e-05
0	0.0014	0.0363636	-1.47603e-05
0	0.0014	0.0545455	-1.13997e-05
0	0.0014	0.0727273	-9.26096e-06
0	0.0014	0.0909091	-7.94673e-06
0	0.0014	0.109091	-7.22325e-06
0	0.0014	0.127273	-6.92158e-06
0	0.0014	0.145455	-6.90662e-06
0	0.0014	0.163636	-7.07378e-06
0	0.0014	0.181818	-7.34652e-06
0	0.0014	0.2	-7.67161e-06
0	0.0016	0.0181818	-1.13499e-05
0	0.0016	0.0363636	-8.80902e-06
0	0.0016	0.0545455	-6.8034e-06
0	0.0016	0.0727273	-5.52704e-06
0	0.0016	0.0909091	-4.74285e-06
0	0.0016	0.109091	-4.31137e-06
0	0.0016	0.127273	-4.13173e-06
0	0.0016	0.145455	-4.12329e-06
0	0.0016	0.163636	-4.22358e-06
0	0.0016	0.181818	-4.3869e-06
0	0.0016	0.2	-4.58144e-06
0	0.0018	0.0181818	-5.40376e-06
0	0.0018	0.0363636	-4.19404e-06
0	0.0018	0.0545455	-3.23915e-06
0	0.0018	0.0727273	-2.63143e-06
0	0.0018	0.0909091	-2.25798e-06
0	0.0018	0.109091	-2.05236e-06
0	0.0018	0.127273	-1.96657e-06
0	0.0018	0.145455	-1.96224e-06
0	0.0018	0.163636	-2.00965e-06
0	0.0018	0.181818	-2.08705e-06
0	0.0018	0.2	-2.17934e-06
0	0.002	0.0181818	-3.68327e-07
0	0.002	0.0363636	-2.85871e-07
0	0.002	0.0545455	-2.20774e-07
0	0.002	0.0727273	-1.79253e-07
0	0.002	0.0909091	-1.53479e-07
0	0.002	0.109091	-1.3886e-07
0	0.002	0.127273	-1.32156e-07
0	0.002	0.145455	-1.30829e-07
0	0.002	0.163636	-1.3294e-07
0	0.002	0.181818	-1.37075e-07
0	0.002	0.2	-1.42254e-07
0.0002	0	0.0181818	0.000125569
0.0002	0	0.0363636	9.74585e-05
0.0002	0	0.0545455	7.52535e-05
0.0002	0	0.0727273	6.09784e-05
0.0002	0	0.0909091	5.18032e-05
0.0002	0	0.109091	4.60849e-05
0.0002	0	0.127273	4.2757e-05
0.0002	0	0.145455	4.10509e-05
0.0002	0	0.163636	4.04074e-05
0.0002	0	0.181818	4.04293e-05
0.0002	0	0.2	4.08423e-05
0.0002	0.0002	0.0181818	-0.000143712
0.0002	0.0002	0.0363636	-0.00011154
0.0002	0.0002	0.0545455	-8.61389e-05
0.0002	0.0002	0.0727273	-6.99227e-05
0.0002	0.0002	0.0909091	-5.98153e-05
0.0002	0.0002	0.109091	-5.40151e-05
0.0002	0.0002	0.127273	-5.12628e-05
0.0002	0.0002	0.145455	-5.0581e-05
0.0002	0.0002	0.163636	-5.12259e-05
0.0002	0.0002	0.181818	-5.26575e-05
0.0002	0.0002	0.2	-5.45008e-05
0.0002	0.0004	0.0181818	-0.000757719
0.0002	0.0004	0.0363636	-0.00058809
0.0002	0.0004	0.0545455	-0.000454107
0.0002	0.0004	0.0727273	-0.00036804
0.0002	0.0004	0.0909091	-0.000312908
0.0002	0.0004	0.109091	-0.000278847
0.0002	0.0004	0.127273	-0.000259396
0.0002	0.0004	0.145455	-0.000249859
0.0002	0.0004	0.163636	-0.000246801
0.0002	0.0004	0.181818	-0.000247772
0.0002	0.0004	0.2	-0.000251082
0.0002	0.0006	0.0181818	-0.000209682
0.0002	0.0006	0.0363636	-0.000162741
0.0002	0.0006	0.0545455	-0.000125681
0.0002	0.0006	0.0727273	-0.000102032
0.0002	0.0006	0.0909091	-8.73182e-05
0.0002	0.0006	0.109091	-7.89191e-05
0.0002	0.0006	0.127273	-7.49937e-05
0.0002	0.0006	0.145455	-7.41077e-05
0.0002	0.0006	0.163636	-7.51669e-05
0.0002	0.0006	0.181818	-7.7376e-05
0.0002	0.0006	0.2	-8.01827e-05
0.0002	0.0008	0.0181818	-9.79864e-05
0.0002	0.0008	0.0363636	-7.60505e-05
0.0002	0.0008	0.0545455	-5.87342e-05
0.0002	0.0008	0.0727273	-4.7702e-05
0.0002	0.0008	0.0909091	-4.08895e-05
0.0002	0.0008	0.109091	-3.70843e-05
0.0002	0.0008	0.127273	-3.54199e-05
0.0002	0.0008	0.145455	-3.52103e-05
0.0002	0.0008	0.163636	-3.59275e-05
0.0002	0.0008	0.181818	-3.71861e-05
0.0002	0.0008	0.2	-3.87182e-05
0.0002	0.001	0.0181818	-5.54521e-05
0.0002	0.001	0.0363636	-4.30382e-05
0.0002	0.001	0.0545455	-3.3239e-05
0.0002	0.001	0.0727273	-2.69997e-05
0.0002	0.001	0.0909091	-2.31575e-05
0.0002	0.001	0.109091	-2.10287e-05
0.0002	0.001	0.127273	-2.01217e-05
0.0002	0.001	0.145455	-2.00451e-05
0.0002	0.001	0.163636	-2.04967e-05
0.0002	0.001	0.181818	-2.12555e-05
0.0002	0.001	0.2	-2.21678e-05
0.0002	0.0012	0.0181818	-3.39955e-05
0.0002	0.0012	0.0363636	-2.6385e-05
0.0002	0.0012	0.0545455	-2.03777e-05
0.0002	0.0012	0.0727273	-1.65537e-05
0.0002	0.0012	0.0909091	-1.42018e-05
0.0002	0.0012	0.109091	-1.29035e-05
0.0002	0.0012	0.127273	-1.23572e-05
0.0002	0.0012	0.145455	-1.23219e-05
0.0002	0.0012	0.163636	-1.26114e-05
0.0002	0.0012	0.181818	-1.30895e-05
0.0002	0.0012	0.2	-1.36615e-05
0.0002	0.0014	0.0181818	-2.11348e-05
0.0002	0.0014	0.0363636	-1.64034e-05
0.0002	0.0014	0.0545455	-1.26687e-05
0.0002	0.0014	0.0727273	-1.02917e-05
0.0002	0.0014	0.0909091	-8.83067e-06
0.0002	0.0014	0.109091	-8.02565e-06
0.0002	0.0014	0.127273	-7.68897e-06
0.0002	0.0014	0.145455	-7.67062e-06
0.0002	0.0014	0.163636	-7.85452e-06
0.0002	0.0014	0.181818	-8.15573e-06
0.0002	0.0014	0.2	-8.51516e-06
0.0002	0.0016	0.0181818	-1.23684e-05
0.0002	0.0016	0.0363636	-9.59949e-06
0.0002	0.0016	0.0545455	-7.41389e-06
0.0002	0.0016	0.0727273	-6.02294e-06
0.0002	0.0016	0.0909091	-5.16818e-06
0.0002	0.0016	0.109091	-4.6976e-06
0.0002	0.0016	0.127273	-4.50131e-06
0.0002	0.0016	0.145455	-4.49147e-06
0.0002	0.0016	0.163636	-4.60006e-06
0.0002	0.0016	0.181818	-4.77732e-06
0.0002	0.0016	0.2	-4.98863e-06
0.0002	0.0018	0.0181818	-5.68989e-06
0.0002	0.0018	0.0363636	-4.41612e-06
0.0002	0.0018	0.0545455	-3.41066e-06
0.0002	0.0018	0.0727273	-2.77075e-06
0.0002	0.0018	0.0909091	-2.37747e-06
0.0002	0.0018	0.109091	-2.16086e-06
0.0002	0.0018	0.127273	-2.07039e-06
0.0002	0.0018	0.145455	-2.06565e-06
0.0002	0.0018	0.163636	-2.11538e-06
0.0002	0.0018	0.181818	-2.19669e-06
0.0002	0.0018	0.2	-2.29368e-06
0.0002	0.002	0.0181818	-2.81426e-08
0.0002	0.002	0.0363636	-2.18423e-08
0.0002	0.002	0.0545455	-1.68595e-08
0.0002	0.002	0.0727273	-1.35994e-08
0.0002	0.002	0.0909091	-1.13461e-08
0.0002	0.002	0.109091	-9.69207e-09
0.0002	0.002	0.127273	-8.41757e-09
0.0002	0.002	0.145455	-7.39923e-09
0.0002	0.002	0.163636	-6.56372e-09
0.0002	0.002	0.181818	-5.86473e-09
0.0002	0.002	0.2	-5.27137e-09
0.0004	0	0.0181818	3.12518e-05
0.0004	0	0.0363636	2.42556e-05
0.0004	0	0.0545455	1.87319e-05
0.0004	0	0.0727273	1.52052e-05
0.0004	0	0.0909091	1.30062e-05
0.0004	0	0.109091	1.17431e-05
0.0004	0	0.127273	1.11419e-05
0.0004	0	0.145455	1.09905e-05
0.0004	0	0.163636	1.11274e-05
0.0004	0	0.181818	1.14352e-05
0.0004	0	0.2	1.18327e-05
0.0004	0.0002	0.0181818	0.000631055
0.0004	0.0002	0.0363636	0.000489782
0.0004	0.0002	0.0545455	0.000378183
0.0004	0.0002	0.0727273	0.00030638
0.0004	0.0002	0.0909091	0.000260066
0.0004	0.0002	0.109091	0.000230943
0.0004	0.0002	0.127273	0.000213672
0.0004	0.0002	0.145455	0.00020444
0.0004	0.0002	0.163636	0.000200491
0.0004	0.0002	0.181818	0.000199873
0.0004	0.0002	0.2	0.000201238
0.0004	0.0004	0.0181818	-3.47179e-05
0.0004	0.0004	0.0363636	-2.69457e-05
0.0004	0.0004	0.0545455	-2.08105e-05
0.0004	0.0004	0.0727273	-1.69037e-05
0.0004	0.0004	0.0909091	-1.44966e-05
0.0004	0.0004	0.109091	-1.31609e-05
0.0004	0.0004	0.127273	-1.2589e-05
0.0004	0.0004	0.145455	-1.25361e-05
0.0004	0.0004	0.163636	-1.28135e-05
0.0004	0.0004	0.181818	-1.32832e-05
0.0004	0.0004	0.2	-1.38491e-05
0.0004	0.0006	0.0181818	-0.000715484
0.0004	0.0006	0.0363636	-0.000555311
0.0004	0.0006	0.0545455	-0.000428791
0.0004	0.0006	0.0727273	-0.000347483
0.0004	0.0006	0.0909091	-0.0002953
0.0004	0.0006	0.109091	-0.000262902
0.0004	0.0006	0.127273	-0.0002442
0.0004	0.0006	0.145455	-0.000234792
0.0004	0.0006	0.163636	-0.000231466
0.0004	0.0006	0.181818	-0.000231938
0.0004	0.0006	0.2	-0.000234629
0.0004	0.0008	0.0181818	-0.000188306
0.0004	0.0008	0.0363636	-0.000146151
0.0004	0.0008	0.0545455	-0.000112868
0.0004	0.0008	0.0727273	-9.1625e-05
0.0004	0.0008	0.0909091	-7.83961e-05
0.0004	0.0008	0.109091	-7.08244e-05
0.0004	0.0008	0.127273	-6.7258e-05
0.0004	0.0008	0.145455	-6.64129e-05
0.0004	0.0008	0.163636	-6.73104e-05
0.0004	0.0008	0.181818	-6.92396e-05
0.0004	0.0008	0.2	-7.17068e-05
0.0004	0.001	0.0181818	-8.51877e-05
0.0004	0.001	0.0363636	-6.6117e-05
0.0004	0.001	0.0545455	-5.10623e-05
0.0004	0.001	0.0727273	-4.14702e-05
0.0004	0.001	0.0909091	-3.55443e-05
0.0004	0.001	0.109091	-3.223e-05
0.0004	0.001	0.127273	-3.07743e-05
0.0004	0.001	0.145455	-3.05816e-05
0.0004	0.001	0.163636	-3.11938e-05
0.0004	0.001	0.181818	-3.22764e-05
0.0004	0.001	0.2	-3.35971e-05
0.0004	0.0012	0.0181818	-4.67361e-05
0.0004	0.0012	0.0363636	-3.62734e-05
0.0004	0.0012	0.0545455	-2.80145e-05
0.0004	0.0012	0.0727273	-2.27555e-05
0.0004	0.0012	0.0909091	-1.95161e-05
0.0004	0.0012	0.109091	-1.77199e-05
0.0004	0.0012	0.127273	-1.69525e-05
0.0004	0.0012	0.145455	-1.68845e-05
0.0004	0.0012	0.163636	-1.72612e-05
0.0004	0.0012	0.181818	-1.78969e-05
0.0004	0.0012	0.2	-1.86621e-05
0.0004	0.0014	0.0181818	-2.73462e-05
0.0004	0.0014	0.0363636	-2.12243e-05
0.0004	0.0014	0.0545455	-1.63919e-05
0.0004	0.0014	0.0727273	-1.33157e-05
0.0004	0.0014	0.0909091	-1.14233e-05
0.0004	0.0014	0.109091	-1.03779e-05
0.0004	0.0014	0.127273	-9.93692e-06
0.0004	0.0014	0.145455	-9.90676e-06
0.0004	0.0014	0.163636	-1.01377e-05
0.0004	0.0014	0.181818	-1.05203e-05
0.0004	0.0014	0.2	-1.09785e-05
0.0004	0.0016	0.0181818	-1.54748e-05
0.0004	0.0016	0.0363636	-1.20105e-05
0.0004	0.0016	0.0545455	-9.27597e-06
0.0004	0.0016	0.0727273	-7.53544e-06
0.0004	0.0016	0.0909091	-6.46528e-06
0.0004	0.0016	0.109091	-5.87514e-06
0.0004	0.0016	0.127273	-5.62762e-06
0.0004	0.0016	0.145455	-5.61298e-06
0.0004	0.0016	0.163636	-5.74632e-06
0.0004	0.0016	0.181818	-5.96552e-06
0.0004	0.0016	0.2	-6.22739e-06
0.0004	0.0018	0.0181818	-6.99273e-06
0.0004	0.0018	0.0363636	-5.42729e-06
0.0004	0.0018	0.0545455	-4.19161e-06
0.0004	0.0018	0.0727273	-3.40511e-06
0.0004	0.0018	0.0909091	-2.92155e-06
0.0004	0.0018	0.109091	-2.65493e-06
0.0004	0.0018	0.127273	-2.54316e-06
0.0004	0.0018	0.145455	-2.53663e-06
0.0004	0.0018	0.163636	-2.59698e-06
0.0004	0.0018	0.181818	-2.69613e-06
0.0004	0.0018	0.2	-2.81456e-06
0.0004	0.002	0.0181818	5.5654e-09
0.0004	0.002	0.0363636	4.31957e-09
0.0004	0.002	0.0545455	3.34617e-09
0.0004	0.002	0.0727273	2.81831e-09
0.0004	0.002	0.0909091	2.75133e-09
0.0004	0.002	0.109091	3.14035e-09
0.0004	0.002	0.127273	3.90471e-09
0.0004	0.002	0.145455	4.92606e-09
0.0004	0.002	0.163636	6.08994e-09
0.0004	0.002	0.181818	7.30504e-09
0.0004	0.002	0.2	8.50646e-09
0.0006	0	0.0181818	1.35568e-05
0.0006	0	0.0363636	1.05219e-05
0.0006	0	0.0545455	8.12604e-06
0.0006	0	0.0727273	6.59923e-06
0.0006	0	0.0909091	5.65521e-06
0.0006	0	0.109091	5.12593e-06
0.0006	0	0.127273	4.89164e-06
0.0006	0	0.145455	4.85782e-06
0.0006	0	0.163636	4.95181e-06
0.0006	0	0.181818	5.12061e-06
0.0006	0	0.2	5.32738e-06
0.0006	0.0002	0.0181818	0.000140246
0.0006	0.0002	0.0363636	0.000108849
0.0006	0.0002	0.0545455	8.40602e-05
0.0006	0.0002	0.0727273	6.82242e-05
0.0006	0.0002	0.0909091	5.8325e-05
0.0006	0.0002	0.109091	5.25973e-05
0.0006	0.0002	0.127273	4.98157e-05
0.0006	0.0002	0.145455	4.90354e-05
0.0006	0.0002	0.163636	4.95398e-05
0.0006	0.0002	0.181818	5.08096e-05
0.0006	0.0002	0.2	5.24844e-05
0.0006	0.0004	0.0181818	0.000673289
0.0006	0.0004	0.0363636	0.000522561
0.0006	0.0004	0.0545455	0.000403499
0.0006	0.0004	0.0727273	0.000326937
0.0006	0.0004	0.0909091	0.000277674
0.0006	0.0004	0.109091	0.000246889
0.0006	0.0004	0.127273	0.000228868
0.0006	0.0004	0.145455	0.000219507
0.0006	0.0004	0.163636	0.000215825
0.0006	0.0004	0.181818	0.000215707
0.0006	0.0004	0.2	0.000217691
0.0006	0.0006	0.0181818	-1.33422e-05
0.0006	0.0006	0.0363636	-1.03553e-05
0.0006	0.0006	0.0545455	-7.99764e-06
0.0006	0.0006	0.0727273	-6.49704e-06
0.0006	0.0006	0.0909091	-5.57457e-06
0.0006	0.0006	0.109091	-5.06615e-06
0.0006	0.0006	0.127273	-4.85331e-06
0.0006	0.0006	0.145455	-4.84136e-06
0.0006	0.0006	0.163636	-4.95706e-06
0.0006	0.0006	0.181818	-5.1468e-06
0.0006	0.0006	0.2	-5.37331e-06
0.0006	0.0008	0.0181818	-0.000702686
0.0006	0.0008	0.0363636	-0.000545377
0.0006	0.0008	0.0545455	-0.00042112
0.0006	0.0008	0.0727273	-0.000341251
0.0006	0.0008	0.0909091	-0.000289955
0.0006	0.0008	0.109091	-0.000258047
0.0006	0.0008	0.127273	-0.000239554
0.0006	0.0008	0.145455	-0.000230163
0.0006	0.0008	0.163636	-0.000226733
0.0006	0.0008	0.181818	-0.000227028
0.0006	0.0008	0.2	-0.000229508
0.0006	0.001	0.0181818	-0.00017959
0.0006	0.001	0.0363636	-0.000139386
0.0006	0.001	0.0545455	-0.000107644
0.0006	0.001	0.0727273	-8.73808e-05
0.0006	0.001	0.0909091	-7.47548e-05
0.0006	0.001	0.109091	-6.75156e-05
0.0006	0.001	0.127273	-6.40888e-05
0.0006	0.001	0.145455	-6.32523e-05
0.0006	0.001	0.163636	-6.4075e-05
0.0006	0.001	0.181818	-6.5881e-05
0.0006	0.001	0.2	-6.82011e-05
0.0006	0.0012	0.0181818	-7.85383e-05
0.0006	0.0012	0.0363636	-6.09562e-05
0.0006	0.0012	0.0545455	-4.70765e-05
0.0006	0.0012	0.0727273	-3.82321e-05
0.0006	0.0012	0.0909091	-3.27658e-05
0.0006	0.0012	0.109091	-2.97043e-05
0.0006	0.0012	0.127273	-2.8354e-05
0.0006	0.0012	0.145455	-2.81665e-05
0.0006	0.0012	0.163636	-2.87201e-05
0.0006	0.0012	0.181818	-2.97072e-05
0.0006	0.0012	0.2	-3.09142e-05
0.0006	0.0014	0.0181818	-4.10761e-05
0.0006	0.0014	0.0363636	-3.18805e-05
0.0006	0.0014	0.0545455	-2.46217e-05
0.0006	0.0014	0.0727273	-1.99993e-05
0.0006	0.0014	0.0909091	-1.71507e-05
0.0006	0.0014	0.109091	-1.55694e-05
0.0006	0.0014	0.127273	-1.48912e-05
0.0006	0.0014	0.145455	-1.48268e-05
0.0006	0.0014	0.163636	-1.5153e-05
0.0006	0.0014	0.181818	-1.57067e-05
0.0006	0.0014	0.2	-1.63743e-05
0.0006	0.0016	0.0181818	-2.19705e-05
0.0006	0.0016	0.0363636	-1.70521e-05
0.0006	0.0016	0.0545455	-1.31696e-05
0.0006	0.0016	0.0727273	-1.06979e-05
0.0006	0.0016	0.0909091	-9.17662e-06
0.0006	0.0016	0.109091	-8.33522e-06
0.0006	0.0016	0.127273	-7.97876e-06
0.0006	0.0016	0.145455	-7.95192e-06
0.0006	0.0016	0.163636	-8.13463e-06
0.0006	0.0016	0.181818	-8.43914e-06
0.0006	0.0016	0.2	-8.8044e-06
0.0006	0.0018	0.0181818	-9.77937e-06
0.0006	0.0018	0.0363636	-7.5901e-06
0.0006	0.0018	0.0545455	-5.86196e-06
0.0006	0.0018	0.0727273	-4.76187e-06
0.0006	0.0018	0.0909091	-4.08506e-06
0.0006	0.0018	0.109091	-3.71114e-06
0.0006	0.0018	0.127273	-3.55333e-06
0.0006	0.0018	0.145455	-3.54241e-06
0.0006	0.0018	0.163636	-3.62485e-06
0.0006	0.0018	0.181818	-3.76153e-06
0.0006	0.0018	0.2	-3.92521e-06
0.0006	0.002	0.0181818	-2.72107e-07
0.0006	0.002	0.0363636	-2.11191e-07
0.0006	0.002	0.0545455	-1.63096e-07
0.0006	0.002	0.0727273	-1.32383e-07
0.0006	0.002	0.0909091	-1.13216e-07
0.0006	0.002	0.109091	-1.02177e-07
0.0006	0.002	0.127273	-9.68862e-08
0.0006	0.002	0.145455	-9.54995e-08
0.0006	0.002	0.163636	-9.66164e-08
0.0006	0.002	0.181818	-9.92209e-08
0.0006	0.002	0.2	-1.02608e-07
0.0008	0	0.0181818	7.39196e-06
0.0008	0	0.0363636	5.73715e-06
0.0008	0	0.0545455	4.43086e-06
0.0008	0	0.0727273	3.599e-06
0.0008	0	0.0909091	3.08632e-06
0.0008	0	0.109091	2.80161e-06
0.0008	0	0.127273	2.67939e-06
0.0008	0	0.145455	2.66759e-06
0.0008	0	0.163636	2.72607e-06
0.0008	0	0.181818	2.82546e-06
0.0008	0	0.2	2.94537e-06
0.0008	0.0002	0.0181818	5.57909e-05
0.0008	0.0002	0.0363636	4.33012e-05
0.0008	0.0002	0.0545455	3.34413e-05
0.0008	0.0002	0.0727273	2.71557e-05
0.0008	0.0002	0.0909091	2.32634e-05
0.0008	0.0002	0.109091	2.10714e-05
0.0008	0.0002	0.127273	2.00876e-05
0.0008	0.0002	0.145455	1.99248e-05
0.0008	0.0002	0.163636	2.0286e-05
0.0008	0.0002	0.181818	2.09546e-05
0.0008	0.0002	0.2	2.17801e-05
0.0008	0.0004	0.0181818	0.000161622
0.0008	0.0004	0.0363636	0.00012544
0.0008	0.0004	0.0545455	9.68731e-05
0.0008	0.0004	0.0727273	7.86309e-05
0.0008	0.0004	0.0909091	6.7247e-05
0.0008	0.0004	0.109091	6.06921e-05
0.0008	0.0004	0.127273	5.75514e-05
0.0008	0.0004	0.145455	5.67302e-05
0.0008	0.0004	0.163636	5.73963e-05
0.0008	0.0004	0.181818	5.8946e-05
0.0008	0.0004	0.2	6.09602e-05
0.0008	0.0006	0.0181818	0.000686088
0.0008	0.0006	0.0363636	0.000532495
0.0008	0.0006	0.0545455	0.00041117
0.0008	0.0006	0.0727273	0.000333169
0.0008	0.0006	0.0909091	0.000283019
0.0008	0.0006	0.109091	0.000251743
0.0008	0.0006	0.127273	0.000233513
0.0008	0.0006	0.145455	0.000224135
0.0008	0.0006	0.163636	0.000220559
0.0008	0.0006	0.181818	0.000220616
0.0008	0.0006	0.2	0.000222812
0.0008	0.0008	0.0181818	-4.62625e-06
0.0008	0.0008	0.0363636	-3.59058e-06
0.0008	0.0008	0.0545455	-2.77309e-06
0.0008	0.0008	0.0727273	-2.25284e-06
0.0008	0.0008	0.0909091	-1.93321e-06
0.0008	0.0008	0.109091	-1.75735e-06
0.0008	0.0008	0.127273	-1.68415e-06
0.0008	0.0008	0.145455	-1.68073e-06
0.0008	0.0008	0.163636	-1.72164e-06
0.0008	0.0008	0.181818	-1.78823e-06
0.0008	0.0008	0.2	-1.86755e-06
0.0008	0.001	0.0181818	-0.000696036
0.0008	0.001	0.0363636	-0.000540216
0.0008	0.001	0.0545455	-0.000417134
0.0008	0.001	0.0727273	-0.000338013
0.0008	0.001	0.0909091	-0.000287176
0.0008	0.001	0.109091	-0.000255522
0.0008	0.001	0.127273	-0.000237134
0.0008	0.001	0.145455	-0.000227748
0.0008	0.001	0.163636	-0.000224259
0.0008	0.001	0.181818	-0.000224459
0.0008	0.001	0.2	-0.000226825
0.0008	0.0012	0.0181818	-0.00017393
0.0008	0.0012	0.0363636	-0.000134993
0.0008	0.0012	0.0545455	-0.000104251
0.0008	0.0012	0.0727273	-8.46245e-05
0.0008	0.0012	0.0909091	-7.23894e-05
0.0008	0.0012	0.109091	-6.53651e-05
0.0008	0.0012	0.127273	-6.20275e-05
0.0008	0.0012	0.145455	-6.11946e-05
0.0008	0.0012	0.163636	-6.19668e-05
0.0008	0.0012	0.181818	-6.36908e-05
0.0008	0.0012	0.2	-6.59133e-05
0.0008	0.0014	0.0181818	-7.31627e-05
0.0008	0.0014	0.0363636	-5.6784e-05
0.0008	0.0014	0.0545455	-4.38543e-05
0.0008	0.0014	0.0727273	-3.56143e-05
0.0008	0.0014	0.0909091	-3.05191e-05
0.0008	0.0014	0.109091	-2.76617e-05
0.0008	0.0014	0.127273	-2.63958e-05
0.0008	0.0014	0.145455	-2.62116e-05
0.0008	0.0014	0.163636	-2.6717e-05
0.0008	0.0014	0.181818	-2.7626e-05
0.0008	0.0014	0.2	-2.87401e-05
0.0008	0.0016	0.0181818	-3.53807e-05
0.0008	0.0016	0.0363636	-2.74601e-05
0.0008	0.0016	0.0545455	-2.12077e-05
0.0008	0.0016	0.0727273	-1.72257e-05
0.0008	0.0016	0.0909091	-1.47705e-05
0.0008	0.0016	0.109091	-1.34054e-05
0.0008	0.0016	0.127273	-1.28169e-05
0.0008	0.0016	0.145455	-1.27562e-05
0.0008	0.0016	0.163636	-1.30316e-05
0.0008	0.0016	0.181818	-1.35027e-05
0.0008	0.0016	0.2	-1.40721e-05
0.0008	0.0018	0.0181818	-1.52499e-05
0.0008	0.0018	0.0363636	-1.1836e-05
0.0008	0.0018	0.0545455	-9.14107e-06
0.0008	0.0018	0.0727273	-7.42515e-06
0.0008	0.0018	0.0909091	-6.36828e-06
0.0008	0.0018	0.109091	-5.78246e-06
0.0008	0.0018	0.127273	-5.53249e-06
0.0008	0.0018	0.145455	-5.51078e-06
0.0008	0.0018	0.163636	-5.63427e-06
0.0008	0.0018	0.181818	-5.84223e-06
0.0008	0.0018	0.2	-6.09245e-06
0.0008	0.002	0.0181818	-9.55734e-07
0.0008	0.002	0.0363636	-7.41777e-07
0.0008	0.002	0.0545455	-5.72874e-07
0.0008	0.002	0.0727273	-4.65239e-07
0.0008	0.002	0.0909091	-3.98692e-07
0.0008	0.002	0.109091	-3.61388e-07
0.0008	0.002	0.127273	-3.44886e-07
0.0008	0.002	0.145455	-3.4252e-07
0.0008	0.002	0.163636	-3.49165e-07
0.0008	0.002	0.181818	-3.61085e-07
0.0008	0.002	0.2	-3.75681e-07
0.001	0	0.0181818	4.59874e-06
0.001	0	0.0363636	3.56924e-06
0.001	0	0.0545455	2.75658e-06
0.001	0	0.0727273	2.23924e-06
0.001	0	0.0909091	1.9209e-06
0.001	0	0.109091	1.74492e-06
0.001	0	0.127273	1.67052e-06
0.001	0	0.145455	1.66514e-06
0.001	0	0.163636	1.70366e-06
0.001	0	0.181818	1.76767e-06
0.001	0	0.2	1.84438e-06
0.001	0.0002	0.0181818	2.87676e-05
0.001	0.0002	0.0363636	2.23275e-05
0.001	0.0002	0.0545455	1.72437e-05
0.001	0.0002	0.0727273	1.40057e-05
0.001	0.0002	0.0909091	1.20084e-05
0.001	0.0002	0.109091	1.08964e-05
0.001	0.0002	0.127273	1.04151e-05
0.001	0.0002	0.145455	1.03624e-05
0.001	0.0002	0.163636	1.05826e-05
0.001	0.0002	0.181818	1.09619e-05
0.001	0.0002	0.2	1.14212e-05
0.001	0.0004	0.0181818	6.85897e-05
0.001	0.0004	0.0363636	5.32347e-05
0.001	0.0004	0.0545455	4.11131e-05
0.001	0.0004	0.0727273	3.33875e-05
0.001	0.0004	0.0909091	2.86086e-05
0.001	0.0004	0.109091	2.59257e-05
0.001	0.0004	0.127273	2.47332e-05
0.001	0.0004	0.145455	2.45535e-05
0.001	0.0004	0.163636	2.50197e-05
0.001	0.0004	0.181818	2.58642e-05
0.001	0.0004	0.2	2.69011e-05
0.001	0.0006	0.0181818	0.000170338
0.001	0.0006	0.0363636	0.000132205
0.001	0.0006	0.0545455	0.000102098
0.001	0.0006	0.0727273	8.28751e-05
0.001	0.0006	0.0909091	7.08883e-05
0.001	0.0006	0.109091	6.40009e-05
0.001	0.0006	0.127273	6.07205e-05
0.001	0.0006	0.145455	5.98908e-05
0.001	0.0006	0.163636	6.06317e-05
0.001	0.0006	0.181818	6.23046e-05
0.001	0.0006	0.2	6.4466e-05
0.001	0.0008	0.0181818	0.000692737
0.001	0.0008	0.0363636	0.000537655
0.001	0.0008	0.0545455	0.000415156
0.001	0.0008	0.0727273	0.000336407
0.001	0.0008	0.0909091	0.000285798
0.001	0.0008	0.109091	0.000254269
0.001	0.0008	0.127273	0.000235933
0.001	0.0008	0.145455	0.000226551
0.001	0.0008	0.163636	0.000223032
0.001	0.0008	0.181818	0.000223185
0.001	0.0008	0.2	0.000225495
0.001	0.001	0.0181818	1.03374e-06
0.001	0.001	0.0363636	8.02318e-07
0.001	0.001	0.0545455	6.19653e-07
0.001	0.001	0.0727273	5.03449e-07
0.001	0.001	0.0909091	4.32175e-07
0.001	0.001	0.109091	3.93157e-07
0.001	0.001	0.127273	3.77197e-07
0.001	0.001	0.145455	3.76909e-07
0.001	0.001	0.163636	3.86567e-07
0.001	0.001	0.181818	4.01974e-07
0.001	0.001	0.2	4.20212e-07
0.001	0.0012	0.0181818	-0.000690661
0.001	0.0012	0.0363636	-0.000536044
0.001	0.0012	0.0545455	-0.000413912
0.001	0.0012	0.0727273	-0.000335395
0.001	0.0012	0.0909091	-0.00028493
0.001	0.0012	0.109091	-0.000253479
0.001	0.0012	0.127273	-0.000235176
0.001	0.0012	0.145455	-0.000225793
0.001	0.0012	0.163636	-0.000222256
0.001	0.0012	0.181818	-0.000222378
0.001	0.0012	0.2	-0.000224651
0.001	0.0014	0.0181818	-0.000168235
0.001	0.0014	0.0363636	-0.000130572
0.001	0.0014	0.0545455	-0.000100837
0.001	0.0014	0.0727273	-8.18509e-05
0.001	0.0014	0.0909091	-7.00092e-05
0.001	0.0014	0.109091	-6.32011e-05
0.001	0.0014	0.127273	-5.99532e-05
0.001	0.0014	0.145455	-5.91241e-05
0.001	0.0014	0.163636	-5.98453e-05
0.001	0.0014	0.181818	-6.14868e-05
0.001	0.0014	0.2	-6.36111e-05
0.001	0.0016	0.0181818	-6.64421e-05
0.001	0.0016	0.0363636	-5.15679e-05
0.001	0.0016	0.0545455	-3.98258e-05
0.001	0.0016	0.0727273	-3.23416e-05
0.001	0.0016	0.0909091	-2.77108e-05
0.001	0.0016	0.109091	-2.51089e-05
0.001	0.0016	0.127273	-2.39496e-05
0.001	0.0016	0.145455	-2.37705e-05
0.001	0.0016	0.163636	-2.42166e-05
0.001	0.0016	0.181818	-2.50291e-05
0.001	0.0016	0.2	-2.60281e-05
0.001	0.0018	0.0181818	-2.6557e-05
0.001	0.0018	0.0363636	-2.06118e-05
0.001	0.0018	0.0545455	-1.59186e-05
0.001	0.0018	0.0727273	-1.29291e-05
0.001	0.0018	0.0909091	-1.10842e-05
0.001	0.0018	0.109091	-1.00556e-05
0.001	0.0018	0.127273	-9.60843e-06
0.001	0.0018	0.145455	-9.55636e-06
0.001	0.0018	0.163636	-9.75589e-06
0.001	0.0018	0.181818	-1.01023e-05
0.001	0.0018	0.2	-1.05226e-05
0.001	0.002	0.0181818	-2.30614e-06
0.001	0.002	0.0363636	-1.78987e-06
0.001	0.002	0.0545455	-1.38233e-06
0.001	0.002	0.0727273	-1.1227e-06
0.001	0.002	0.0909091	-9.62429e-07
0.001	0.002	0.109091	-8.72987e-07
0.001	0.002	0.127273	-8.33978e-07
0.001	0.002	0.145455	-8.29242e-07
0.001	0.002	0.163636	-8.46336e-07
0.001	0.002	0.181818	-8.76176e-07
0.001	0.002	0.2	-9.12446e-07
0.0012	0	0.0181818	3.16636e-06
0.0012	0	0.0363636	2.45751e-06
0.0012	0	0.0545455	1.89799e-06
0.0012	0	0.0727273	1.54185e-06
0.0012	0	0.0909091	1.32289e-06
0.0012	0	0.109091	1.20215e-06
0.0012	0	0.127273	1.15151e-06
0.0012	0	0.145455	1.14853e-06
0.0012	0	0.163636	1.17583e-06
0.0012	0	0.181818	1.2207e-06
0.0012	0	0.2	1.27429e-06
0.0012	0.0002	0.0181818	1.73975e-05
0.0012	0.0002	0.0363636	1.35028e-05
0.0012	0.0002	0.0545455	1.04284e-05
0.0012	0.0002	0.0727273	8.47106e-06
0.0012	0.0002	0.0909091	7.26613e-06
0.0012	0.0002	0.109091	6.59924e-06
0.0012	0.0002	0.127273	6.31611e-06
0.0012	0.0002	0.145455	6.29381e-06
0.0012	0.0002	0.163636	6.43736e-06
0.0012	0.0002	0.181818	6.67733e-06
0.0012	0.0002	0.2	6.96544e-06
0.0012	0.0004	0.0181818	3.74836e-05
0.0012	0.0004	0.0363636	2.90923e-05
0.0012	0.0004	0.0545455	2.24683e-05
0.0012	0.0004	0.0727273	1.82499e-05
0.0012	0.0004	0.0909091	1.56497e-05
0.0012	0.0004	0.109091	1.42052e-05
0.0012	0.0004	0.127273	1.35842e-05
0.0012	0.0004	0.145455	1.3523e-05
0.0012	0.0004	0.163636	1.3818e-05
0.0012	0.0004	0.181818	1.43204e-05
0.0012	0.0004	0.2	1.4927e-05
0.0012	0.0006	0.0181818	7.5239e-05
0.0012	0.0006	0.0363636	5.83955e-05
0.0012	0.0006	0.0545455	4.50989e-05
0.0012	0.0006	0.0727273	3.66255e-05
0.0012	0.0006	0.0909091	3.13872e-05
0.0012	0.0006	0.109091	2.84514e-05
0.0012	0.0006	0.127273	2.71535e-05
0.0012	0.0006	0.145455	2.69687e-05
0.0012	0.0006	0.163636	2.74934e-05
0.0012	0.0006	0.181818	2.84334e-05
0.0012	0.0006	0.2	2.95841e-05
0.0012	0.0008	0.0181818	0.000175998
0.0012	0.0008	0.0363636	0.000136598
0.0012	0.0008	0.0545455	0.00010549
0.0012	0.0008	0.0727273	8.56314e-05
0.0012	0.0008	0.0909091	7.32537e-05
0.0012	0.0008	0.109091	6.61514e-05
0.0012	0.0008	0.127273	6.27819e-05
0.0012	0.0008	0.145455	6.19484e-05
0.0012	0.0008	0.163636	6.27399e-05
0.0012	0.0008	0.181818	6.44948e-05
0.0012	0.0008	0.2	6.67537e-05
0.0012	0.001	0.0181818	0.000698113
0.0012	0.001	0.0363636	0.000541828
0.0012	0.001	0.0545455	0.000418378
0.0012	0.001	0.0727273	0.000339024
0.0012	0.001	0.0909091	0.000288045
0.0012	0.001	0.109091	0.000256311
0.0012	0.001	0.127273	0.000237892
0.0012	0.001	0.145455	0.000228505
0.0012	0.001	0.163636	0.000225035
0.0012	0.001	0.181818	0.000225267
0.0012	0.001	0.2	0.000227669
0.0012	0.0012	0.0181818	6.7292e-06
0.0012	0.0012	0.0363636	5.22275e-06
0.0012	0.0012	0.0545455	4.03366e-06
0.0012	0.0012	0.0727273	3.27702e-06
0.0012	0.0012	0.0909091	2.81239e-06
0.0012	0.0012	0.109091	2.55716e-06
0.0012	0.0012	0.127273	2.45149e-06
0.0012	0.0012	0.145455	2.44749e-06
0.0012	0.0012	0.163636	2.50803e-06
0.0012	0.0012	0.181818	2.60597e-06
0.0012	0.0012	0.2	2.72239e-06
0.0012	0.0014	0.0181818	-0.00068394
0.0012	0.0014	0.0363636	-0.000530828
0.0012	0.0014	0.0545455	-0.000409883
0.0012	0.0014	0.0727273	-0.000332123
0.0012	0.0014	0.0909091	-0.000282122
0.0012	0.0014	0.109091	-0.000250926
0.0012	0.0014	0.127273	-0.00023273
0.0012	0.0014	0.145455	-0.000223352
0.0012	0.0014	0.163636	-0.000219756
0.0012	0.0014	0.181818	-0.000219781
0.0012	0.0014	0.2	-0.000221939
0.0012	0.0016	0.0181818	-0.000159411
0.0012	0.0016	0.0363636	-0.000123724
0.0012	0.0016	0.0545455	-9.5548e-05
0.0012	0.0016	0.0727273	-7.75543e-05
0.0012	0.0016	0.0909091	-6.63228e-05
0.0012	0.0016	0.109091	-5.98513e-05
0.0012	0.0016	0.127273	-5.67448e-05
0.0012	0.0016	0.145455	-5.59242e-05
0.0012	0.0016	0.163636	-5.65696e-05
0.0012	0.0016	0.181818	-5.80864e-05
0.0012	0.0016	0.2	-6.00616e-05
0.0012	0.0018	0.0181818	-5.34983e-05
0.0012	0.0018	0.0363636	-4.15218e-05
0.0012	0.0018	0.0545455	-3.2067e-05
0.0012	0.0018	0.0727273	-2.60391e-05
0.0012	0.0018	0.0909091	-2.23049e-05
0.0012	0.0018	0.109091	-2.01994e-05
0.0012	0.0018	0.127273	-1.92511e-05
0.0012	0.0018	0.145455	-1.90889e-05
0.0012	0.0018	0.163636	-1.94287e-05
0.0012	0.0018	0.181818	-2.00631e-05
0.0012	0.0018	0.2	-2.08481e-05
0.0012	0.002	0.0181818	-4.99771e-06
0.0012	0.002	0.0363636	-3.87889e-06
0.0012	0.002	0.0545455	-2.99568e-06
0.0012	0.002	0.0727273	-2.43295e-06
0.0012	0.002	0.0909091	-2.08535e-06
0.0012	0.002	0.109091	-1.89101e-06
0.0012	0.002	0.127273	-1.80576e-06
0.0012	0.002	0.145455	-1.79463e-06
0.0012	0.002	0.163636	-1.83073e-06
0.0012	0.002	0.181818	-1.89445e-06
0.0012	0.002	0.2	-1.97212e-06
0.0014	0	0.0181818	2.41969e-06
0.0014	0	0.0363636	1.878e-06
0.0014	0	0.0545455	1.45042e-06
0.0014	0	0.0727273	1.1783e-06
0.0014	0	0.0909091	1.01106e-06
0.0014	0	0.109091	9.18961e-07
0.0014	0	0.127273	8.80511e-07
0.0014	0	0.145455	8.78527e-07
0.0014	0	0.163636	8.99707e-07
0.0014	0	0.181818	9.3432e-07
0.0014	0	0.2	9.75596e-07
0.0014	0.0002	0.0181818	1.18823e-05
0.0014	0.0002	0.0363636	9.22227e-06
0.0014	0.0002	0.0545455	7.12254e-06
0.0014	0.0002	0.0727273	5.78605e-06
0.0014	0.0002	0.0909091	4.96424e-06
0.0014	0.0002	0.109091	4.51095e-06
0.0014	0.0002	0.127273	4.32067e-06
0.0014	0.0002	0.145455	4.30916e-06
0.0014	0.0002	0.163636	4.41125e-06
0.0014	0.0002	0.181818	4.57927e-06
0.0014	0.0002	0.2	4.78006e-06
0.0014	0.0004	0.0181818	2.40469e-05
0.0014	0.0004	0.0363636	1.86636e-05
0.0014	0.0004	0.0545455	1.44142e-05
0.0014	0.0004	0.0727273	1.17091e-05
0.0014	0.0004	0.0909091	1.00447e-05
0.0014	0.0004	0.109091	9.1249e-06
0.0014	0.0004	0.127273	8.73638e-06
0.0014	0.0004	0.145455	8.70896e-06
0.0014	0.0004	0.163636	8.91107e-06
0.0014	0.0004	0.181818	9.24653e-06
0.0014	0.0004	0.2	9.64842e-06
0.0014	0.0006	0.0181818	4.31436e-05
0.0014	0.0006	0.0363636	3.34852e-05
0.0014	0.0006	0.0545455	2.5861e-05
0.0014	0.0006	0.0727273	2.10062e-05
0.0014	0.0006	0.0909091	1.80151e-05
0.0014	0.0006	0.109091	1.63557e-05
0.0014	0.0006	0.127273	1.56456e-05
0.0014	0.0006	0.145455	1.55806e-05
0.0014	0.0006	0.163636	1.59262e-05
0.0014	0.0006	0.181818	1.65106e-05
0.0014	0.0006	0.2	1.72147e-05
0.0014	0.0008	0.0181818	8.06147e-05
0.0014	0.0008	0.0363636	6.25677e-05
0.0014	0.0008	0.0545455	4.83212e-05
0.0014	0.0008	0.0727273	3.92434e-05
0.0014	0.0008	0.0909091	3.36338e-05
0.0014	0.0008	0.109091	3.0494e-05
0.0014	0.0008	0.127273	2.91116e-05
0.0014	0.0008	0.145455	2.89235e-05
0.0014	0.0008	0.163636	2.94965e-05
0.0014	0.0008	0.181818	3.05146e-05
0.0014	0.0008	0.2	3.17582e-05
0.0014	0.001	0.0181818	0.000181693
0.0014	0.001	0.0363636	0.000141018
0.0014	0.001	0.0545455	0.000108904
0.0014	0.001	0.0727273	8.84049e-05
0.0014	0.001	0.0909091	7.56339e-05
0.0014	0.001	0.109091	6.83154e-05
0.0014	0.001	0.127273	6.48562e-05
0.0014	0.001	0.145455	6.4019e-05
0.0014	0.001	0.163636	6.48614e-05
0.0014	0.001	0.181818	6.66988e-05
0.0014	0.001	0.2	6.90559e-05
0.0014	0.0012	0.0181818	0.000704833
0.0014	0.0012	0.0363636	0.000547044
0.0014	0.0012	0.0545455	0.000422407
0.0014	0.0012	0.0727273	0.000342297
0.0014	0.0012	0.0909091	0.000290853
0.0014	0.0012	0.109091	0.000258864
0.0014	0.0012	0.127273	0.000240338
0.0014	0.0012	0.145455	0.000230947
0.0014	0.0012	0.163636	0.000227536
0.0014	0.0012	0.181818	0.000227864
0.0014	0.0012	0.2	0.000230381
0.0014	0.0014	0.0181818	1.55528e-05
0.0014	0.0014	0.0363636	1.20711e-05
0.0014	0.0014	0.0545455	9.32275e-06
0.0014	0.0014	0.0727273	7.57365e-06
0.0014	0.0014	0.0909091	6.49876e-06
0.0014	0.0014	0.109091	5.90691e-06
0.0014	0.0014	0.127273	5.65993e-06
0.0014	0.0014	0.145455	5.64737e-06
0.0014	0.0014	0.163636	5.78372e-06
0.0014	0.0014	0.181818	6.00641e-06
0.0014	0.0014	0.2	6.27192e-06
0.0014	0.0016	0.0181818	-0.000670996
0.0014	0.0016	0.0363636	-0.000520782
0.0014	0.0016	0.0545455	-0.000402124
0.0014	0.0016	0.0727273	-0.00032582
0.0014	0.0016	0.0909091	-0.000276716
0.0014	0.0016	0.109091	-0.000246017
0.0014	0.0016	0.127273	-0.000228031
0.0014	0.0016	0.145455	-0.000218671
0.0014	0.0016	0.163636	-0.000214968
0.0014	0.0016	0.181818	-0.000214815
0.0014	0.0016	0.2	-0.000216759
0.0014	0.0018	0.0181818	-0.000137852
0.0014	0.0018	0.0363636	-0.000106991
0.0014	0.0018	0.0545455	-8.26251e-05
0.0014	0.0018	0.0727273	-6.70582e-05
0.0014	0.0018	0.0909091	-5.7324e-05
0.0014	0.0018	0.109091	-5.16867e-05
0.0014	0.0018	0.127273	-4.89421e-05
0.0014	0.0018	0.145455	-4.81624e-05
0.0014	0.0018	0.163636	-4.86445e-05
0.0014	0.0018	0.181818	-4.98786e-05
0.0014	0.0018	0.2	-5.15111e-05
0.0014	0.002	0.0181818	-1.10403e-05
0.0014	0.002	0.0363636	-8.56876e-06
0.0014	0.002	0.0545455	-6.6176e-06
0.0014	0.002	0.0727273	-5.37367e-06
0.0014	0.002	0.0909091	-4.60316e-06
0.0014	0.002	0.109091	-4.16885e-06
0.0014	0.002	0.127273	-3.97342e-06
0.0014	0.002	0.145455	-3.9403e-06
0.0014	0.002	0.163636	-4.01078e-06
0.0014	0.002	0.181818	-4.14208e-06
0.0014	0.002	0.2	-4.30445e-06
0.0016	0	0.0181818	2.09739e-06
0.0016	0	0.0363636	1.62785e-06
0.0016	0	0.0545455	1.25723e-06
0.0016	0	0.0727273	1.02136e-06
0.0016	0	0.0909091	8.7643e-07
0.0016	0	0.109091	7.96667e-07
0.0016	0	0.127273	7.63434e-07
0.0016	0	0.145455	7.61827e-07
0.0016	0	0.163636	7.8031e-07
0.0016	0	0.181818	8.10438e-07
0.0016	0	0.2	8.46338e-07
0.0016	0.0002	0.0181818	9.06906e-06
0.0016	0.0002	0.0363636	7.0388e-06
0.0016	0.0002	0.0545455	5.43622e-06
0.0016	0.0002	0.0727273	4.41632e-06
0.0016	0.0002	0.0909091	3.7896e-06
0.0016	0.0002	0.109091	3.44461e-06
0.0016	0.0002	0.127273	3.30078e-06
0.0016	0.0002	0.145455	3.29368e-06
0.0016	0.0002	0.163636	3.37342e-06
0.0016	0.0002	0.181818	3.50352e-06
0.0016	0.0002	0.2	3.65858e-06
0.0016	0.0004	0.0181818	1.75423e-05
0.0016	0.0004	0.0363636	1.36152e-05
0.0016	0.0004	0.0545455	1.05153e-05
0.0016	0.0004	0.0727273	8.54234e-06
0.0016	0.0004	0.0909091	7.32963e-06
0.0016	0.0004	0.109091	6.66145e-06
0.0016	0.0004	0.127273	6.38201e-06
0.0016	0.0004	0.145455	6.3668e-06
0.0016	0.0004	0.163636	6.51945e-06
0.0016	0.0004	0.181818	6.76947e-06
0.0016	0.0004	0.2	7.06782e-06
0.0016	0.0006	0.0181818	2.94225e-05
0.0016	0.0006	0.0363636	2.28358e-05
0.0016	0.0006	0.0545455	1.76365e-05
0.0016	0.0006	0.0727273	1.43269e-05
0.0016	0.0006	0.0909091	1.22913e-05
0.0016	0.0006	0.109091	1.11676e-05
0.0016	0.0006	0.127273	1.06945e-05
0.0016	0.0006	0.145455	1.06638e-05
0.0016	0.0006	0.163636	1.09142e-05
0.0016	0.0006	0.181818	1.13277e-05
0.0016	0.0006	0.2	1.18225e-05
0.0016	0.0008	0.0181818	4.88391e-05
0.0016	0.0008	0.0363636	3.79056e-05
0.0016	0.0008	0.0545455	2.9275e-05
0.0016	0.0008	0.0727273	2.37797e-05
0.0016	0.0008	0.0909091	2.03953e-05
0.0016	0.0008	0.109091	1.85197e-05
0.0016	0.0008	0.127273	1.77199e-05
0.0016	0.0008	0.145455	1.76512e-05
0.0016	0.0008	0.163636	1.80476e-05
0.0016	0.0008	0.181818	1.87146e-05
0.0016	0.0008	0.2	1.95169e-05
0.0016	0.001	0.0181818	8.73353e-05
0.0016	0.001	0.0363636	6.77838e-05
0.0016	0.001	0.0545455	5.23497e-05
0.0016	0.001	0.0727273	4.25161e-05
0.0016	0.001	0.0909091	3.64421e-05
0.0016	0.001	0.109091	3.30468e-05
0.0016	0.001	0.127273	3.15579e-05
0.0016	0.001	0.145455	3.13646e-05
0.0016	0.001	0.163636	3.19969e-05
0.0016	0.001	0.181818	3.31115e-05
0.0016	0.001	0.2	3.44701e-05
0.0016	0.0012	0.0181818	0.000190517
0.0016	0.0012	0.0363636	0.000147866
0.0016	0.0012	0.0545455	0.000114193
0.0016	0.0012	0.0727273	9.27016e-05
0.0016	0.0012	0.0909091	7.93203e-05
0.0016	0.0012	0.109091	7.16651e-05
0.0016	0.0012	0.127273	6.80646e-05
0.0016	0.0012	0.145455	6.72189e-05
0.0016	0.0012	0.163636	6.81371e-05
0.0016	0.0012	0.181818	7.00992e-05
0.0016	0.0012	0.2	7.26054e-05
0.0016	0.0014	0.0181818	0.000717777
0.0016	0.0014	0.0363636	0.00055709
0.0016	0.0014	0.0545455	0.000430166
0.0016	0.0014	0.0727273	0.0003486
0.0016	0.0014	0.0909091	0.000296259
0.0016	0.0014	0.109091	0.000263773
0.0016	0.0014	0.127273	0.000245036
0.0016	0.0014	0.145455	0.000235628
0.0016	0.0014	0.163636	0.000232324
0.0016	0.0014	0.181818	0.00023283
0.0016	0.0014	0.2	0.000235561
0.0016	0.0016	0.0181818	3.71122e-05
0.0016	0.0016	0.0363636	2.8804e-05
0.0016	0.0016	0.0545455	2.22457e-05
0.0016	0.0016	0.0727273	1.80698e-05
0.0016	0.0016	0.0909091	1.54976e-05
0.0016	0.0016	0.109091	1.40715e-05
0.0016	0.0016	0.127273	1.34626e-05
0.0016	0.0016	0.145455	1.34091e-05
0.0016	0.0016	0.163636	1.37089e-05
0.0016	0.0016	0.181818	1.42142e-05
0.0016	0.0016	0.2	1.48224e-05
0.0016	0.0018	0.0181818	-0.000628538
0.0016	0.0018	0.0363636	-0.000487829
0.0016	0.0018	0.0545455	-0.000376675
0.0016	0.0018	0.0727273	-0.000305155
0.0016	0.0018	0.0909091	-0.000259014
0.0016	0.0018	0.109091	-0.000229986
0.0016	0.0018	0.127273	-0.000212753
0.0016	0.0018	0.145455	-0.000203522
0.0016	0.0018	0.163636	-0.00019955
0.0016	0.0018	0.181818	-0.000198894
0.0016	0.0018	0.2	-0.000200216
0.0016	0.002	0.0181818	-2.85916e-05
0.0016	0.002	0.0363636	-2.21908e-05
0.0016	0.002	0.0545455	-1.71372e-05
0.0016	0.002	0.0727273	-1.39096e-05
0.0016	0.002	0.0909091	-1.1894e-05
0.0016	0.002	0.109091	-1.07313e-05
0.0016	0.002	0.127273	-1.01712e-05
0.0016	0.002	0.145455	-1.00206e-05
0.0016	0.002	0.163636	-1.01326e-05
0.0016	0.002	0.181818	-1.04008e-05
0.0016	0.002	0.2	-1.07513e-05
0.0018	0	0.0181818	2.10447e-06
0.0018	0	0.0363636	1.63335e-06
0.0018	0	0.0545455	1.26147e-06
0.0018	0	0.0727273	1.02481e-06
0.0018	0	0.0909091	8.79396e-07
0.0018	0	0.109091	7.99373e-07
0.0018	0	0.127273	7.6604e-07
0.0018	0	0.145455	7.64445e-07
0.0018	0	0.163636	7.83006e-07
0.0018	0	0.181818	8.13254e-07
0.0018	0	0.2	8.49293e-07
0.0018	0.0002	0.0181818	7.75737e-06
0.0018	0.0002	0.0363636	6.02075e-06
0.0018	0.0002	0.0545455	4.64997e-06
0.0018	0.0002	0.0727273	3.77765e-06
0.0018	0.0002	0.0909091	3.24182e-06
0.0018	0.0002	0.109091	2.94717e-06
0.0018	0.0002	0.127273	2.82478e-06
0.0018	0.0002	0.145455	2.81947e-06
0.0018	0.0002	0.163636	2.88851e-06
0.0018	0.0002	0.181818	3.00064e-06
0.0018	0.0002	0.2	3.1341e-06
0.0018	0.0004	0.0181818	1.44447e-05
0.0018	0.0004	0.0363636	1.1211e-05
0.0018	0.0004	0.0545455	8.6585e-06
0.0018	0.0004	0.0727273	7.03415e-06
0.0018	0.0004	0.0909091	6.03623e-06
0.0018	0.0004	0.109091	5.48728e-06
0.0018	0.0004	0.127273	5.25894e-06
0.0018	0.0004	0.145455	5.24852e-06
0.0018	0.0004	0.163636	5.37651e-06
0.0018	0.0004	0.181818	5.58471e-06
0.0018	0.0004	0.2	5.83265e-06
0.0018	0.0006	0.0181818	2.32378e-05
0.0018	0.0006	0.0363636	1.80356e-05
0.0018	0.0006	0.0545455	1.39293e-05
0.0018	0.0006	0.0727273	1.13159e-05
0.0018	0.0006	0.0909091	9.70985e-06
0.0018	0.0006	0.109091	8.82545e-06
0.0018	0.0006	0.127273	8.45631e-06
0.0018	0.0006	0.145455	8.43738e-06
0.0018	0.0006	0.163636	8.64092e-06
0.0018	0.0006	0.181818	8.97347e-06
0.0018	0.0006	0.2	9.37e-06
0.0018	0.0008	0.0181818	3.61431e-05
0.0018	0.0008	0.0363636	2.80519e-05
0.0018	0.0008	0.0545455	2.1665e-05
0.0018	0.0008	0.0727273	1.75996e-05
0.0018	0.0008	0.0909091	1.50996e-05
0.0018	0.0008	0.109091	1.37203e-05
0.0018	0.0008	0.127273	1.31408e-05
0.0018	0.0008	0.145455	1.31049e-05
0.0018	0.0008	0.163636	1.34145e-05
0.0018	0.0008	0.181818	1.39246e-05
0.0018	0.0008	0.2	1.45344e-05
0.0018	0.001	0.0181818	5.76627e-05
0.0018	0.001	0.0363636	4.47539e-05
0.0018	0.001	0.0545455	3.45641e-05
0.0018	0.001	0.0727273	2.80764e-05
0.0018	0.001	0.0909091	2.40817e-05
0.0018	0.001	0.109091	2.18694e-05
0.0018	0.001	0.127273	2.09283e-05
0.0018	0.001	0.145455	2.08511e-05
0.0018	0.001	0.163636	2.13233e-05
0.0018	0.001	0.181818	2.21151e-05
0.0018	0.001	0.2	2.30664e-05
0.0018	0.0012	0.0181818	0.000100279
0.0018	0.0012	0.0363636	7.78299e-05
0.0018	0.0012	0.0545455	6.01084e-05
0.0018	0.0012	0.0727273	4.88185e-05
0.0018	0.0012	0.0909091	4.1848e-05
0.0018	0.0012	0.109091	3.79563e-05
0.0018	0.0012	0.127273	3.62564e-05
0.0018	0.0012	0.145455	3.60462e-05
0.0018	0.0012	0.163636	3.67848e-05
0.0018	0.0012	0.181818	3.80776e-05
0.0018	0.0012	0.2	3.96501e-05
0.0018	0.0014	0.0181818	0.000212076
0.0018	0.0014	0.0363636	0.000164599
0.0018	0.0014	0.0545455	0.000127116
0.0018	0.0014	0.0727273	0.000103198
0.0018	0.0014	0.0909091	8.83191e-05
0.0018	0.0014	0.109091	7.98297e-05
0.0018	0.0014	0.127273	7.58673e-05
0.0018	0.0014	0.145455	7.49806e-05
0.0018	0.0014	0.163636	7.60622e-05
0.0018	0.0014	0.181818	7.8307e-05
0.0018	0.0014	0.2	8.11559e-05
0.0018	0.0016	0.0181818	0.000760235
0.0018	0.0016	0.0363636	0.000590043
0.0018	0.0016	0.0545455	0.000455615
0.0018	0.0016	0.0727273	0.000369265
0.0018	0.0016	0.0909091	0.00031396
0.0018	0.0016	0.109091	0.000279804
0.0018	0.0016	0.127273	0.000260314
0.0018	0.0016	0.145455	0.000250777
0.0018	0.0016	0.163636	0.000247742
0.0018	0.0016	0.181818	0.000248751
0.0018	0.0016	0.2	0.000252105
0.0018	0.0018	0.0181818	0.000146372
0.0018	0.0018	0.0363636	0.000113604
0.0018	0.0018	0.0545455	8.77335e-05
0.0018	0.0018	0.0727273	7.12183e-05
0.0018	0.0018	0.0909091	6.09275e-05
0.0018	0.0018	0.109091	5.50269e-05
0.0018	0.0018	0.127273	5.22335e-05
0.0018	0.0018	0.145455	5.15509e-05
0.0018	0.0018	0.163636	5.22207e-05
0.0018	0.0018	0.181818	5.3692e-05
0.0018	0.0018	0.2	5.55822e-05
0.0018	0.002	0.0181818	-0.000122743
0.0018	0.002	0.0363636	-9.52644e-05
0.0018	0.002	0.0545455	-7.3559e-05
0.0018	0.002	0.0727273	-5.96017e-05
0.0018	0.002	0.0909091	-5.06213e-05
0.0018	0.002	0.109091	-4.50097e-05
0.0018	0.002	0.127273	-4.17254e-05
0.0018	0.002	0.145455	-4.00201e-05
0.0018	0.002	0.163636	-3.93503e-05
0.0018	0.002	0.181818	-3.933e-05
0.0018	0.002	0.2	-3.96931e-05
0.002	0	0.0181818	2.4358e-06
0.002	0	0.0363636	1.89051e-06
0.002	0	0.0545455	1.46008e-06
0.002	0	0.0727273	1.18615e-06
0.002	0	0.0909091	1.01783e-06
0.002	0	0.109091	9.25175e-07
0.002	0	0.127273	8.86549e-07
0.002	0	0.145455	8.84648e-07
0.002	0	0.163636	9.06074e-07
0.002	0	0.181818	9.41024e-07
0.002	0	0.2	9.82678e-07
0.002	0.0002	0.0181818	7.48009e-06
0.002	0.0002	0.0363636	5.80555e-06
0.002	0.0002	0.0545455	4.48376e-06
0.002	0.0002	0.0727273	3.64264e-06
0.002	0.0002	0.0909091	3.12603e-06
0.002	0.0002	0.109091	2.84204e-06
0.002	0.0002	0.127273	2.7242e-06
0.002	0.0002	0.145455	2.71929e-06
0.002	0.0002	0.163636	2.78609e-06
0.002	0.0002	0.181818	2.89444e-06
0.002	0.0002	0.2	3.02336e-06
0.002	0.0004	0.0181818	1.34528e-05
0.002	0.0004	0.0363636	1.04412e-05
0.002	0.0004	0.0545455	8.06397e-06
0.002	0.0004	0.0727273	6.55122e-06
0.002	0.0004	0.0909091	5.62204e-06
0.002	0.0004	0.109091	5.11117e-06
0.002	0.0004	0.127273	4.89907e-06
0.002	0.0004	0.145455	4.89005e-06
0.002	0.0004	0.163636	5.00998e-06
0.002	0.0004	0.181818	5.20464e-06
0.002	0.0004	0.2	5.43628e-06
0.002	0.0006	0.0181818	2.11653e-05
0.002	0.0006	0.0363636	1.64271e-05
0.002	0.0006	0.0545455	1.2687e-05
0.002	0.0006	0.0727273	1.03069e-05
0.002	0.0006	0.0909091	8.84457e-06
0.002	0.0006	0.109091	8.04004e-06
0.002	0.0006	0.127273	7.70521e-06
0.002	0.0006	0.145455	7.68965e-06
0.002	0.0006	0.163636	7.87687e-06
0.002	0.0006	0.181818	8.18162e-06
0.002	0.0006	0.2	8.5446e-06
0.002	0.0008	0.0181818	3.20614e-05
0.002	0.0008	0.0363636	2.48839e-05
0.002	0.0008	0.0545455	1.92184e-05
0.002	0.0008	0.0727273	1.56125e-05
0.002	0.0008	0.0909091	1.33962e-05
0.002	0.0008	0.109091	1.21752e-05
0.002	0.0008	0.127273	1.16647e-05
0.002	0.0008	0.145455	1.16373e-05
0.002	0.0008	0.163636	1.19166e-05
0.002	0.0008	0.181818	1.23739e-05
0.002	0.0008	0.2	1.29195e-05
0.002	0.001	0.0181818	4.90869e-05
0.002	0.001	0.0363636	3.80979e-05
0.002	0.001	0.0545455	2.94237e-05
0.002	0.001	0.0727273	2.39021e-05
0.002	0.001	0.0909091	2.05055e-05
0.002	0.001	0.109091	1.86298e-05
0.002	0.001	0.127273	1.78393e-05
0.002	0.001	0.145455	1.77865e-05
0.002	0.001	0.163636	1.82025e-05
0.002	0.001	0.181818	1.88907e-05
0.002	0.001	0.2	1.97144e-05
0.002	0.0012	0.0181818	7.9222e-05
0.002	0.0012	0.0363636	6.14868e-05
0.002	0.0012	0.0545455	4.74871e-05
0.002	0.0012	0.0727273	3.85725e-05
0.002	0.0012	0.0909091	3.30805e-05
0.002	0.0012	0.109091	3.0034e-05
0.002	0.0012	0.127273	2.8731e-05
0.002	0.0012	0.145455	2.86128e-05
0.002	0.0012	0.163636	2.92485e-05
0.002	0.0012	0.181818	3.03229e-05
0.002	0.0012	0.2	3.16169e-05
0.002	0.0014	0.0181818	0.000142737
0.002	0.0014	0.0363636	0.000110783
0.002	0.0014	0.0545455	8.55578e-05
0.002	0.0014	0.0727273	6.9484e-05
0.002	0.0014	0.0909091	5.95498e-05
0.002	0.0014	0.109091	5.39868e-05
0.002	0.0014	0.127273	5.1534e-05
0.002	0.0014	0.145455	5.11948e-05
0.002	0.0014	0.163636	5.22027e-05
0.002	0.0014	0.181818	5.39986e-05
0.002	0.0014	0.2	5.61938e-05
0.002	0.0016	0.0181818	0.000321336
0.002	0.0016	0.0363636	0.0002494
0.002	0.0016	0.0545455	0.000192604
0.002	0.0016	0.0727273	0.000156346
0.002	0.0016	0.0909091	0.000133749
0.002	0.0016	0.109091	0.000120785
0.002	0.0016	0.127273	0.000114638
0.002	0.0016	0.145455	0.000113122
0.002	0.0016	0.163636	0.000114574
0.002	0.0016	0.181818	0.000117785
0.002	0.0016	0.2	0.000121916
0.002	0.0018	0.0181818	0.00126603
0.002	0.0018	0.0363636	0.000982607
0.002	0.0018	0.0545455	0.000758731
0.002	0.0018	0.0727273	0.000614818
0.002	0.0018	0.0909091	0.000522353
0.002	0.0018	0.109091	0.00046478
0.002	0.0018	0.127273	0.000431342
0.002	0.0018	0.145455	0.000414279
0.002	0.0018	0.163636	0.000407941
0.002	0.0018	0.181818	0.000408315
0.002	0.0018	0.2	0.000412627
0.002	0.002	0.0181818	3.81545e-06
0.002	0.002	0.0363636	2.9613e-06
0.002	0.002	0.0545455	2.2871e-06
0.002	0.002	0.0727273	1.8582e-06
0.002	0.002	0.0909091	1.59514e-06
0.002	0.002	0.109091	1.45115e-06
0.002	0.002	0.127273	1.39227e-06
0.002	0.002	0.145455	1.39124e-06
0.002	0.002	0.163636	1.42692e-06
0.002	0.002	0.181818	1.48383e-06
0.002	0.002	0.2	1.55118e-06
