0	0	0.0333333	-6.48744e-07
0	0	0.0666667	-4.13783e-07
0	0	0.1	-3.15739e-07
0	0	0.133333	-2.89884e-07
0	0	0.166667	-3.00097e-07
0	0	0.2	-3.24376e-07
0	0.0004	0.0333333	-0.000259246
0	0.0004	0.0666667	-0.000165272
0	0.0004	0.1	-0.000125203
0	0.0004	0.133333	-0.000112744
0	0.0004	0.166667	-0.000114013
0	0.0004	0.2	-0.000120834
0	0.0008	0.0333333	-6.25002e-05
0	0.0008	0.0666667	-3.98584e-05
0	0.0008	0.1	-3.03514e-05
0	0.0008	0.133333	-2.77137e-05
0	0.0008	0.166667	-2.85035e-05
0	0.0008	0.2	-3.06437e-05
0	0.0012	0.0333333	-2.42839e-05
0	0.0012	0.0666667	-1.54877e-05
0	0.0012	0.1	-1.18054e-05
0	0.0012	0.133333	-1.08083e-05
0	0.0012	0.166667	-1.11518e-05
0	0.0012	0.2	-1.20209e-05
0	0.0016	0.0333333	-9.23325e-06
0	0.0016	0.0666667	-5.88884e-06
0	0.0016	0.1	-4.48986e-06
0	0.0016	0.133333	-4.11335e-06
0	0.0016	0.166667	-4.24744e-06
0	0.0016	0.2	-4.58144e-06
0	0.002	0.0333333	-2.99638e-07
0	0.002	0.0666667	-1.91046e-07
0	0.002	0.1	-1.44996e-07
0	0.002	0.133333	-1.31224e-07
0	0.002	0.166667	-1.3352e-07
0	0.002	0.2	-1.42254e-07
0.0004	0	0.0333333	2.54237e-05
0.0004	0	0.0666667	1.62077e-05
0.0004	0	0.1	1.22765e-05
0.0004	0	0.133333	1.10505e-05
0.0004	0	0.166667	1.11694e-05
0.0004	0	0.2	1.18327e-05
0.0004	0.0004	0.0333333	-2.82434e-05
0.0004	0.0004	0.0666667	-1.80117e-05
0.0004	0.0004	0.1	-1.37157e-05
0.0004	0.0004	0.133333	-1.25241e-05
0.0004	0.0004	0.166667	-1.28815e-05
0.0004	0.0004	0.2	-1.38491e-05
0.0004	0.0008	0.0333333	-0.000153189
0.0004	0.0008	0.0666667	-9.76625e-05
0.0004	0.0008	0.1	-7.40164e-05
0.0004	0.0008	0.133333	-6.67283e-05
0.0004	0.0008	0.166667	-6.7576e-05
0.0004	0.0008	0.2	-7.17068e-05
0.0004	0.0012	0.0333333	-3.80203e-05
0.0004	0.0012	0.0666667	-2.4247e-05
0.0004	0.0012	0.1	-1.84658e-05
0.0004	0.0012	0.133333	-1.68662e-05
0.0004	0.0012	0.166667	-1.73533e-05
0.0004	0.0012	0.2	-1.86621e-05
0.0004	0.0016	0.0333333	-1.25889e-05
0.0004	0.0016	0.0666667	-8.02888e-06
0.0004	0.0016	0.1	-6.11953e-06
0.0004	0.0016	0.133333	-5.60156e-06
0.0004	0.0016	0.166667	-5.77826e-06
0.0004	0.0016	0.2	-6.22739e-06
0.0004	0.002	0.0333333	4.52753e-09
0.0004	0.002	0.0666667	2.94475e-09
0.0004	0.002	0.1	2.89238e-09
0.0004	0.002	0.133333	4.22261e-09
0.0004	0.002	0.166667	6.29097e-09
0.0004	0.002	0.2	8.50646e-09
0.0008	0	0.0333333	6.01344e-06
0.0008	0	0.0666667	3.83494e-06
0.0008	0	0.1	2.91992e-06
0.0008	0	0.133333	2.66541e-06
0.0008	0	0.166667	2.74044e-06
0.0008	0	0.2	2.94537e-06
0.0008	0.0004	0.0333333	0.000131481
0.0008	0.0004	0.0666667	8.38176e-05
0.0008	0.0004	0.1	6.34632e-05
0.0008	0.0004	0.133333	5.70661e-05
0.0008	0.0004	0.166667	5.76066e-05
0.0008	0.0004	0.2	6.09602e-05
0.0008	0.0008	0.0333333	-3.7635e-06
0.0008	0.0008	0.0666667	-2.40031e-06
0.0008	0.0008	0.1	-1.8301e-06
0.0008	0.0008	0.133333	-1.67666e-06
0.0008	0.0008	0.166667	-1.73136e-06
0.0008	0.0008	0.2	-1.86755e-06
0.0008	0.0012	0.0333333	-0.000141494
0.0008	0.0012	0.0666667	-9.02037e-05
0.0008	0.0012	0.1	-6.83305e-05
0.0008	0.0012	0.133333	-6.15215e-05
0.0008	0.0012	0.166667	-6.22024e-05
0.0008	0.0012	0.2	-6.59133e-05
0.0008	0.0016	0.0333333	-2.87826e-05
0.0008	0.0016	0.0666667	-1.83552e-05
0.0008	0.0016	0.1	-1.3973e-05
0.0008	0.0016	0.133333	-1.27486e-05
0.0008	0.0016	0.166667	-1.30996e-05
0.0008	0.0016	0.2	-1.40721e-05
0.0008	0.002	0.0333333	-7.775e-07
0.0008	0.002	0.0666667	-4.95786e-07
0.0008	0.002	0.1	-3.7696e-07
0.0008	0.002	0.133333	-3.4281e-07
0.0008	0.002	0.166667	-3.50868e-07
0.0008	0.002	0.2	-3.75681e-07
0.0012	0	0.0333333	2.57586e-06
0.0012	0	0.0666667	1.64282e-06
0.0012	0	0.1	1.25215e-06
0.0012	0	0.133333	1.14618e-06
0.0012	0	0.166667	1.18237e-06
0.0012	0	0.2	1.27429e-06
0.0012	0.0004	0.0333333	3.04933e-05
0.0012	0.0004	0.0666667	1.94464e-05
0.0012	0.0004	0.1	1.48056e-05
0.0012	0.0004	0.133333	1.35129e-05
0.0012	0.0004	0.166667	1.38906e-05
0.0012	0.0004	0.2	1.4927e-05
0.0012	0.0008	0.0333333	0.000143176
0.0012	0.0008	0.0666667	9.12765e-05
0.0012	0.0008	0.1	6.91491e-05
0.0012	0.0008	0.133333	6.22729e-05
0.0012	0.0008	0.166667	6.29801e-05
0.0012	0.0008	0.2	6.67537e-05
0.0012	0.0012	0.0333333	5.47428e-06
0.0012	0.0012	0.0666667	3.49147e-06
0.0012	0.0012	0.1	2.66266e-06
0.0012	0.0012	0.133333	2.44091e-06
0.0012	0.0012	0.166667	2.52236e-06
0.0012	0.0012	0.2	2.72239e-06
0.0012	0.0016	0.0333333	-0.000129683
0.0012	0.0016	0.0666667	-8.26706e-05
0.0012	0.0016	0.1	-6.2588e-05
0.0012	0.0016	0.133333	-5.62628e-05
0.0012	0.0016	0.166667	-5.67751e-05
0.0012	0.0016	0.2	-6.00616e-05
0.0012	0.002	0.0333333	-4.06569e-06
0.0012	0.002	0.0666667	-2.59263e-06
0.0012	0.002	0.1	-1.97204e-06
0.0012	0.002	0.133333	-1.7953e-06
0.0012	0.002	0.166667	-1.83987e-06
0.0012	0.002	0.2	-1.97212e-06
0.0016	0	0.0333333	1.70625e-06
0.0016	0	0.0666667	1.08822e-06
0.0016	0	0.1	8.29667e-07
0.0016	0	0.133333	7.60022e-07
0.0016	0	0.166667	7.84709e-07
0.0016	0	0.2	8.46338e-07
0.0016	0.0004	0.0333333	1.42709e-05
0.0016	0.0004	0.0666667	9.10163e-06
0.0016	0.0004	0.1	6.93804e-06
0.0016	0.0004	0.133333	6.35291e-06
0.0016	0.0004	0.166667	6.55592e-06
0.0016	0.0004	0.2	7.06782e-06
0.0016	0.0008	0.0333333	3.97311e-05
0.0016	0.0008	0.0666667	2.53381e-05
0.0016	0.0008	0.1	1.92983e-05
0.0016	0.0008	0.133333	1.76305e-05
0.0016	0.0008	0.166667	1.81443e-05
0.0016	0.0008	0.2	1.95169e-05
0.0016	0.0012	0.0333333	0.000154987
0.0016	0.0012	0.0666667	9.88095e-05
0.0016	0.0012	0.1	7.48916e-05
0.0016	0.0012	0.133333	6.75316e-05
0.0016	0.0012	0.166667	6.84075e-05
0.0016	0.0012	0.2	7.26054e-05
0.0016	0.0016	0.0333333	3.01911e-05
0.0016	0.0016	0.0666667	1.9254e-05
0.0016	0.0016	0.1	1.46636e-05
0.0016	0.0016	0.133333	1.33942e-05
0.0016	0.0016	0.166667	1.37821e-05
0.0016	0.0016	0.2	1.48224e-05
0.0016	0.002	0.0333333	-2.32595e-05
0.0016	0.002	0.0666667	-1.48274e-05
0.0016	0.002	0.1	-1.12233e-05
0.0016	0.002	0.133333	-1.00837e-05
0.0016	0.002	0.166667	-1.01688e-05
0.0016	0.002	0.2	-1.07513e-05
0.002	0	0.0333333	1.98155e-06
0.002	0	0.0666667	1.2638e-06
0.002	0	0.1	9.63511e-07
0.002	0	0.133333	8.82576e-07
0.002	0	0.166667	9.11177e-07
0.002	0	0.2	9.82678e-07
0.002	0.0004	0.0333333	1.0944e-05
0.002	0.0004	0.0666667	6.98e-06
0.002	0.0004	0.1	5.32242e-06
0.002	0.0004	0.133333	4.8776e-06
0.002	0.0004	0.166667	5.03844e-06
0.002	0.0004	0.2	5.43628e-06
0.002	0.0008	0.0333333	2.60823e-05
0.002	0.0008	0.0666667	1.66347e-05
0.002	0.0008	0.1	1.26806e-05
0.002	0.0008	0.133333	1.16117e-05
0.002	0.0008	0.166667	1.19833e-05
0.002	0.0008	0.2	1.29195e-05
0.002	0.0012	0.0333333	6.4448e-05
0.002	0.0012	0.0666667	4.11007e-05
0.002	0.0012	0.1	3.12993e-05
0.002	0.0012	0.133333	2.85838e-05
0.002	0.0012	0.166667	2.94041e-05
0.002	0.0012	0.2	3.16169e-05
0.002	0.0016	0.0333333	0.00026141
0.002	0.0016	0.0666667	0.000166653
0.002	0.0016	0.1	0.000126256
0.002	0.0016	0.133333	0.000113711
0.002	0.0016	0.166667	0.000115014
0.002	0.0016	0.2	0.000121916
0.002	0.002	0.0333333	3.10391e-06
0.002	0.002	0.0666667	1.97973e-06
0.002	0.002	0.1	1.51056e-06
0.002	0.002	0.133333	1.38667e-06
0.002	0.002	0.166667	1.43528e-06
0.002	0.002	0.2	1.55118e-06
