# energy [MeV] vs. diff. cs per electron [Mbarn / MeV]
2.05925e-06  0
2.18127e-06  0
2.31052e-06  0
2.44743e-06  0
2.59245e-06  0
2.74606e-06  0
2.90877e-06  0
3.08113e-06  0
3.2637e-06  0
3.45708e-06  0
3.66193e-06  0
3.87891e-06  0
4.10875e-06  0
4.35221e-06  0
4.61009e-06  0
4.88326e-06  0
5.17261e-06  0
5.47911e-06  0
5.80377e-06  0
6.14766e-06  0
6.51193e-06  0
6.89779e-06  0
7.30651e-06  0
7.73945e-06  0
8.19804e-06  0
8.6838e-06  0
9.19835e-06  0
9.74338e-06  0.291743
1.03207e-05  61.4606
1.09323e-05  111.554
1.158e-05  554.435
1.22662e-05  821.549
1.2993e-05  897.385
1.37629e-05  998.284
1.45784e-05  1118.65
1.54422e-05  2092.07
1.63572e-05  2621.63
1.73265e-05  2500.61
1.83531e-05  2617.41
1.94406e-05  2628.55
2.05925e-05  2528.73
2.18127e-05  2393.02
2.31052e-05  2257.59
2.44743e-05  2107.16
2.59245e-05  1960.82
2.74606e-05  1801.25
2.90877e-05  1641.35
3.08113e-05  1458.47
3.2637e-05  1281.35
3.45708e-05  1131.37
3.66193e-05  1006.42
3.87891e-05  900.687
4.10875e-05  801.369
4.35221e-05  711.366
4.61009e-05  632.274
4.88326e-05  564.477
5.17261e-05  504.661
5.47911e-05  452.056
5.80377e-05  404.886
6.14766e-05  357.207
6.51193e-05  312.369
6.89779e-05  272.451
7.30651e-05  235.999
7.73945e-05  203.675
8.19804e-05  175.216
8.6838e-05  150.077
9.19835e-05  128.263
9.74338e-05  109.256
0.000103207  92.7579
0.000109323  78.5669
0.0001158  66.604
0.000122662  56.4912
0.00012993  47.9144
0.000137629  40.517
0.000145784  34.2457
0.000154422  28.9769
0.000163572  24.559
0.000173265  20.7972
0.000183531  17.6165
0.000194406  14.9187
0.000205925  12.6291
0.000218127  10.7002
0.000231052  9.07953
0.000244743  7.7149
0.000259245  6.55417
0.000274606  5.57506
0.000290877  8.90999
0.000308113  7.92507
0.00032637  6.68186
0.000345708  5.6418
0.000366193  4.77077
0.000387891  4.02669
0.000410875  3.38371
0.000435221  2.84725
0.000461009  2.40181
0.000488326  2.03124
0.000517261  1.72025
0.000547911  1.46013
0.000580377  1.24169
0.000614766  1.05821
0.000651193  0.90233
0.000689779  1.25192
0.000730651  1.932
0.000773945  1.61592
0.000819804  1.35359
0.00086838  1.13555
0.000919835  0.952537
0.000974338  0.797991
0.00103207  0.668997
0.00109323  0.561583
0.001158  0.472289
0.00122662  0.39794
0.0012993  0.33565
0.00137629  0.283473
0.00145784  0.239899
0.00154422  0.203357
0.00163572  0.172712
0.00173265  0.147074
0.00183531  0.125504
0.00194406  0.107372
0.00205925  0.0921058
0.00218127  0.079182
0.00231052  0.068226
0.00244743  0.0589467
0.00259245  0.0510626
0.00274606  0.044286
0.00290877  0.0384893
0.00308113  0.0335156
0.0032637  0.0292378
0.00345708  0.0255508
0.00366193  0.0223648
0.00387891  0.0196058
0.00410875  0.0172117
0.00435221  0.0151309
0.00461009  0.013319
0.00488326  0.0117381
0.00517261  0.0103563
0.00547911  0.00914649
0.00580377  0.00808533
0.00614766  0.00715339
0.00651193  0.00633373
0.00689779  0.00561187
0.00730651  0.00497541
0.00773945  0.00441363
0.00819804  0.00391728
0.0086838  0.00347835
0.00919835  0.00308988
0.00974338  0.0027458
0.0103207  0.00244086
0.0109323  0.00217042
0.01158  0.00193045
0.0122662  0.00171742
0.012993  0.00152822
0.0137629  0.00136012
0.0145784  0.00121071
0.0154422  0.00107787
0.0163572  0.000959733
0.0173265  0.000854643
0.0183531  0.000761139
0.0194406  0.000677927
0.0205925  0.000603861
0.0218127  0.000537924
0.0231052  0.000479217
0.0244743  0.00042694
0.0259245  0.000380384
0.0274606  0.00033892
0.0290877  0.000301986
0.0308113  0.00026909
0.032637  0.000239789
0.0345708  0.000213682
0.0366193  0.00019042
0.0387891  0.000169693
0.0410875  0.000151223
0.0435221  0.000134765
0.0461009  0.0001201
0.0488326  0.000107031
0.0517261  9.53848e-05
0.0547911  8.50066e-05
0.0580377  7.5758e-05
0.0614766  6.7516e-05
0.0651193  6.01709e-05
0.0689779  5.36252e-05
0.0730651  4.77917e-05
0.0773945  4.25929e-05
0.0819804  3.79598e-05
0.086838  3.38307e-05
0.0919835  3.01509e-05
0.0974338  2.68714e-05
0.103207  2.39486e-05
0.109323  2.13438e-05
0.1158  1.90223e-05
0.122662  1.69533e-05
0.12993  1.51094e-05
0.137629  1.34661e-05
0.145784  1.20015e-05
0.154422  1.06962e-05
0.163572  9.53284e-06
0.173265  8.49604e-06
0.183531  7.57201e-06
0.194406  6.74848e-06
