-3.82712e-22
-7.65425e-22
-1.14814e-21
-1.53085e-21
-1.91356e-21
-2.29627e-21
-2.67899e-21
-3.0617e-21
-3.44441e-21
-3.82712e-21
-4.20984e-21
-4.59255e-21
-4.97526e-21
-5.35797e-21
-5.74069e-21
-6.1234e-21
-6.50611e-21
-6.88882e-21
-7.27154e-21
-8.03696e-21
-8.80239e-21
-9.56781e-21
-1.03332e-20
-1.10987e-20
-1.18641e-20
-1.26295e-20
-1.33949e-20
-1.41604e-20
-1.49258e-20
-1.60739e-20
-1.72221e-20
-1.79875e-20
-1.87529e-20
-1.95183e-20
-2.02838e-20
-2.10492e-20
-2.18146e-20
-2.258e-20
-2.33455e-20
-2.41109e-20
-2.48763e-20
-2.60244e-20
-2.71726e-20
-2.83207e-20
-2.94689e-20
-3.0617e-20
-3.17651e-20
-3.29133e-20
-3.40614e-20
-3.52095e-20
-3.63577e-20
-3.75058e-20
-3.8654e-20
-3.98021e-20
-4.13329e-20
-4.28638e-20
-4.47774e-20
-4.66909e-20
-4.86045e-20
-5.01353e-20
-5.16662e-20
-5.3197e-20
-5.47279e-20
-5.62587e-20
-5.77896e-20
-5.93204e-20
-6.08513e-20
-6.31476e-20
-6.54438e-20
-6.77401e-20
-7.00364e-20
-7.23327e-20
-7.46289e-20
-7.69252e-20
-7.92215e-20
-8.15178e-20
-8.3814e-20
-8.6493e-20
-8.95547e-20
-9.37646e-20
-9.79744e-20
-1.02184e-19
-1.06777e-19
-1.11752e-19
-1.16727e-19
-1.21703e-19
-1.27443e-19
-1.33184e-19
-1.38925e-19
-1.45048e-19
-1.51171e-19
-1.57295e-19
-1.63418e-19
-1.69924e-19
-1.7643e-19
-1.82937e-19
-1.89825e-19
-1.96714e-19
-2.03603e-19
-2.10492e-19
-2.17763e-19
-2.25035e-19
-2.33455e-19
-2.42257e-19
-2.51059e-19
-2.59862e-19
-2.69812e-19
-2.80528e-19
-2.91627e-19
-3.03108e-19
-3.15355e-19
-3.28367e-19
-3.42145e-19
-3.55923e-19
-3.70466e-19
-3.85391e-19
-4.01083e-19
-4.17539e-19
-4.35144e-19
-4.52749e-19
-4.70736e-19
-4.89489e-19
-5.09008e-19
-5.28526e-19
-5.49575e-19
-5.72155e-19
-5.95883e-19
-6.19994e-19
-6.46019e-19
-6.73574e-19
-7.0266e-19
-7.32512e-19
-7.65808e-19
-8.01017e-19
-8.40054e-19
-8.8177e-19
-9.24251e-19
-9.69793e-19
-1.01763e-18
-1.06662e-18
-1.11714e-18
-1.16995e-18
-1.22774e-18
-1.28706e-18
-1.34983e-18
-1.41374e-18
-1.48186e-18
-1.55343e-18
-1.62882e-18
-1.70881e-18
-1.79148e-18
-1.87835e-18
-1.9702e-18
-2.0655e-18
-2.16347e-18
-2.26719e-18
-2.37971e-18
-2.4972e-18
-2.62349e-18
-2.75553e-18
-2.89292e-18
-3.04218e-18
-3.19909e-18
-3.36328e-18
-3.53358e-18
-3.71729e-18
-3.9117e-18
-4.11684e-18
-4.33001e-18
-4.55696e-18
-4.79233e-18
-5.04224e-18
-5.30401e-18
-5.5788e-18
-5.86698e-18
-6.1743e-18
-6.49654e-18
-6.83563e-18
-7.19461e-18
-7.57503e-18
-7.97267e-18
-8.38944e-18
-8.82765e-18
-9.29073e-18
-9.77218e-18
-1.02774e-17
-1.08105e-17
-1.13677e-17
-1.19544e-17
-1.25725e-17
-1.32242e-17
-1.39051e-17
-1.46234e-17
-1.53732e-17
-1.61581e-17
-1.69921e-17
-1.787e-17
-1.87919e-17
-1.97587e-17
-2.07713e-17
-2.18364e-17
-2.29589e-17
-2.41411e-17
-2.53758e-17
-2.66735e-17
-2.80467e-17
-2.94918e-17
-3.10055e-17
-3.25914e-17
-3.42704e-17
-3.60297e-17
-3.78786e-17
-3.98155e-17
-4.18596e-17
-4.4005e-17
-4.62608e-17
-4.86336e-17
-5.11078e-17
-5.36907e-17
-5.63957e-17
-5.92385e-17
-6.22248e-17
-6.53447e-17
-6.86219e-17
-7.20774e-17
-7.57147e-17
-7.95388e-17
-8.35653e-17
-8.77954e-17
-9.22326e-17
-9.68994e-17
-1.01797e-16
-1.06956e-16
-1.12376e-16
-1.18074e-16
-1.2405e-16
-1.30311e-16
-1.36893e-16
-1.43814e-16
-1.5108e-16
-1.58718e-16
-1.66755e-16
-1.75194e-16
-1.8404e-16
-1.93309e-16
-2.03049e-16
-2.13265e-16
-2.24015e-16
-2.35341e-16
-2.47241e-16
-2.59749e-16
-2.72909e-16
-2.86725e-16
-3.01223e-16
-3.1649e-16
-3.32534e-16
-3.494e-16
-3.67111e-16
-3.85724e-16
-4.05287e-16
-4.25881e-16
-4.47512e-16
-4.70282e-16
-4.94218e-16
-5.19368e-16
-5.45781e-16
-5.73524e-16
-6.02673e-16
-6.33279e-16
-6.65435e-16
-6.99209e-16
-7.3472e-16
-7.71977e-16
-8.11077e-16
-8.52133e-16
-8.9521e-16
-9.40437e-16
-9.87956e-16
-1.03791e-15
-1.09033e-15
-1.14547e-15
-1.20336e-15
-1.26411e-15
-1.3279e-15
-1.3949e-15
-1.46525e-15
-1.53916e-15
-1.61664e-15
-1.69799e-15
-1.78336e-15
-1.87294e-15
-1.96688e-15
-2.06535e-15
-2.16863e-15
-2.27692e-15
-2.39042e-15
-2.50934e-15
-2.63382e-15
-2.76402e-15
-2.90009e-15
-3.04219e-15
-3.19052e-15
-3.34523e-15
-3.5064e-15
-3.67417e-15
-3.8485e-15
-4.02945e-15
-4.2169e-15
-4.41072e-15
-4.61074e-15
-4.81677e-15
-5.02848e-15
-5.24539e-15
-5.46685e-15
-5.69237e-15
-5.92115e-15
-6.1525e-15
-6.38583e-15
-6.62043e-15
-6.85544e-15
-7.08996e-15
-7.32313e-15
-7.55398e-15
-7.78147e-15
-8.00406e-15
-8.22022e-15
-8.42862e-15
-8.62778e-15
-8.8161e-15
-8.99223e-15
-9.15525e-15
-9.30442e-15
-9.43933e-15
-9.55993e-15
-9.66652e-15
-9.75972e-15
-9.84031e-15
-9.90952e-15
-9.96838e-15
-1.00178e-14
-1.00591e-14
-1.00933e-14
-1.01212e-14
-1.01438e-14
-1.0162e-14
-1.01764e-14
-1.01876e-14
-1.01962e-14
-1.02026e-14
-1.02073e-14
-1.02107e-14
-1.0213e-14
-1.02146e-14
-1.02156e-14
-1.02163e-14
-1.02167e-14
-1.02169e-14
-1.02171e-14
-1.02172e-14
-1.02172e-14
-1.02172e-14
-1.02173e-14
-1.02173e-14
-1.02173e-14
-1.02173e-14
-1.02173e-14
-1.02173e-14
-1.02173e-14
-1.02173e-14
-1.02173e-14
-1.02173e-14
-1.02173e-14
-1.02173e-14
-1.02173e-14
-1.02173e-14
-1.02173e-14
-1.02173e-14
-1.02173e-14
-1.02173e-14
-1.02173e-14
-1.02173e-14
-1.02173e-14
-1.02173e-14
-1.02173e-14
-1.02173e-14
-1.02173e-14
-1.02173e-14
-1.02173e-14
-1.02173e-14
-1.02173e-14
-1.02173e-14
-1.02173e-14
-1.02173e-14
-1.02173e-14
-1.02173e-14
-1.02173e-14
-1.02173e-14
-1.02173e-14
-1.02173e-14
-1.02173e-14
-1.02173e-14
-1.02173e-14
-1.02173e-14
-1.02173e-14
-1.02173e-14
-1.02173e-14
-1.02173e-14
-1.02173e-14
-1.02173e-14
-1.02173e-14
-1.02173e-14
-1.02173e-14
-1.02173e-14
-1.02173e-14
-1.02173e-14
-1.02173e-14
-1.02173e-14
-1.02173e-14
-1.02173e-14
-1.02173e-14
-1.02173e-14
-1.02173e-14
-1.02173e-14
-1.02173e-14
-1.02173e-14
-1.02173e-14
-1.02173e-14
-1.02173e-14
-1.02173e-14
-1.02173e-14
-1.02173e-14
-1.02173e-14
-1.02173e-14
-1.02173e-14
-1.02173e-14
-1.02173e-14
-1.02173e-14
-1.02173e-14
-1.02173e-14
-1.02173e-14
-1.02173e-14
-1.02173e-14
-1.02173e-14
-1.02173e-14
-1.02173e-14
-1.02173e-14
-1.02173e-14
-1.02173e-14
-1.02173e-14
-1.02173e-14
-1.02173e-14
-1.02173e-14
-1.02173e-14
-1.02173e-14
-1.02173e-14
-1.02173e-14
-1.02173e-14
-1.02173e-14
-1.02173e-14
-1.02173e-14
-1.02173e-14
-1.02173e-14
-1.02173e-14
-1.02173e-14
-1.02173e-14
-1.02173e-14
-1.02173e-14
-1.02173e-14
-1.02173e-14
-1.02173e-14
-1.02173e-14
-1.02173e-14
-1.02173e-14
-1.02173e-14
-1.02173e-14
-1.02173e-14
-1.02173e-14
-1.02173e-14
-1.02173e-14
-1.02173e-14
-1.02173e-14
-1.02173e-14
-1.02173e-14
-1.02173e-14
-1.02173e-14
-1.02173e-14
-1.02173e-14
-1.02173e-14
-1.02173e-14
-1.02173e-14
-1.02173e-14
-1.02173e-14
-1.02173e-14
-1.02173e-14
-1.02173e-14
-1.02173e-14
-1.02173e-14
-1.02173e-14
-1.02173e-14
-1.02173e-14
-1.02173e-14
-1.02173e-14
-1.02173e-14
-1.02173e-14
-1.02173e-14
-1.02173e-14
-1.02173e-14
-1.02173e-14
-1.02173e-14
-1.02173e-14
-1.02173e-14
-1.02173e-14
-1.02173e-14
-1.02173e-14
-1.02173e-14
-1.02173e-14
-1.02173e-14
-1.02173e-14
-1.02173e-14
-1.02173e-14
-1.02173e-14
-1.02173e-14
-1.02173e-14
-1.02173e-14
-1.02173e-14
-1.02173e-14
-1.02173e-14
-1.02173e-14
-1.02173e-14
-1.02173e-14
-1.02173e-14
-1.02173e-14
-1.02173e-14
-1.02173e-14
-1.02173e-14
-1.02173e-14
-1.02173e-14
-1.02173e-14
-1.02173e-14
-1.02173e-14
-1.02173e-14
-1.02173e-14
-1.02173e-14
-1.02173e-14
-1.02173e-14
-1.02173e-14
-1.02173e-14
-1.02173e-14
-1.02173e-14
-1.02173e-14
-1.02173e-14
-1.02173e-14
-1.02173e-14
-1.02173e-14
-1.02173e-14
-1.02173e-14
-1.02173e-14
-1.02173e-14
-1.02173e-14
-1.02173e-14
-1.02173e-14
-1.02173e-14
-1.02173e-14
-1.02173e-14
-1.02173e-14
-1.02173e-14
-1.02173e-14
-1.02173e-14
-1.02173e-14
-1.02173e-14
-1.02173e-14
-1.02173e-14
-1.02173e-14
-1.02173e-14
-1.02173e-14
-1.02173e-14
-1.02173e-14
-1.02173e-14
-1.02173e-14
-1.02173e-14
-1.02173e-14
-1.02173e-14
-1.02173e-14
-1.02173e-14
-1.02173e-14
-1.02173e-14
-1.02173e-14
-1.02173e-14
-1.02173e-14
-1.02173e-14
-1.02173e-14
-1.02173e-14
-1.02173e-14
-1.02173e-14
-1.02173e-14
-1.02173e-14
-1.02173e-14
-1.02173e-14
-1.02173e-14
-1.02173e-14
-1.02173e-14
-1.02173e-14
-1.02173e-14
-1.02173e-14
-1.02173e-14
-1.02173e-14
-1.02173e-14
-1.02173e-14
-1.02173e-14
-1.02173e-14
-1.02173e-14
-1.02173e-14
-1.02173e-14
-1.02173e-14
-1.02173e-14
-1.02173e-14
-1.02173e-14
-1.02173e-14
-1.02173e-14
-1.02173e-14
-1.02173e-14
-1.02173e-14
-1.02173e-14
-1.02173e-14
-1.02173e-14
-1.02173e-14
-1.02173e-14
-1.02173e-14
-1.02173e-14
-1.02173e-14
-1.02173e-14
-1.02173e-14
-1.02173e-14
-1.02173e-14
-1.02173e-14
-1.02173e-14
-1.02173e-14
-1.02173e-14
-1.02173e-14
-1.02173e-14
-1.02173e-14
-1.02173e-14
-1.02173e-14
-1.02173e-14
-1.02173e-14
-1.02173e-14
-1.02173e-14
-1.02173e-14
-1.02173e-14
-1.02173e-14
-1.02173e-14
-1.02173e-14
-1.02173e-14
-1.02173e-14
-1.02173e-14
-1.02173e-14
-1.02173e-14
-1.02173e-14
-1.02173e-14
-1.02173e-14
-1.02173e-14
-1.02173e-14
-1.02173e-14
-1.02173e-14
-1.02173e-14
-1.02173e-14
-1.02173e-14
-1.02173e-14
-1.02173e-14
-1.02173e-14
-1.02173e-14
-1.02173e-14
-1.02173e-14
-1.02173e-14
-1.02173e-14
-1.02173e-14
-1.02173e-14
-1.02173e-14
-1.02173e-14
-1.02173e-14
-1.02173e-14
-1.02173e-14
-1.02173e-14
-1.02173e-14
-1.02173e-14
-1.02173e-14
-1.02173e-14
-1.02173e-14
-1.02173e-14
-1.02173e-14
-1.02173e-14
-1.02173e-14
-1.02173e-14
-1.02173e-14
-1.02173e-14
-1.02173e-14
-1.02173e-14
-1.02173e-14
-1.02173e-14
-1.02173e-14
-1.02173e-14
-1.02173e-14
-1.02173e-14
-1.02173e-14
-1.02173e-14
-1.02173e-14
-1.02173e-14
-1.02173e-14
-1.02173e-14
-1.02173e-14
-1.02173e-14
-1.02173e-14
-1.02173e-14
-1.02173e-14
-1.02173e-14
-1.02173e-14
-1.02173e-14
-1.02173e-14
-1.02173e-14
-1.02173e-14
-1.02173e-14
-1.02173e-14
-1.02173e-14
-1.02173e-14
-1.02173e-14
-1.02173e-14
-1.02173e-14
-1.02173e-14
-1.02173e-14
-1.02173e-14
-1.02173e-14
-1.02173e-14
-1.02173e-14
-1.02173e-14
-1.02173e-14
-1.02173e-14
-1.02173e-14
-1.02173e-14
-1.02173e-14
-1.02173e-14
-1.02173e-14
-1.02173e-14
-1.02173e-14
-1.02173e-14
-1.02173e-14
-1.02173e-14
-1.02173e-14
-1.02173e-14
-1.02173e-14
-1.02173e-14
-1.02173e-14
-1.02173e-14
-1.02173e-14
-1.02173e-14
-1.02173e-14
-1.02173e-14
-1.02173e-14
-1.02173e-14
-1.02173e-14
-1.02173e-14
-1.02173e-14
-1.02173e-14
-1.02173e-14
-1.02173e-14
-1.02173e-14
-1.02173e-14
-1.02173e-14
-1.02173e-14
-1.02173e-14
-1.02173e-14
-1.02173e-14
-1.02173e-14
-1.02173e-14
-1.02173e-14
-1.02173e-14
-1.02173e-14
-1.02173e-14
-1.02173e-14
-1.02173e-14
-1.02173e-14
-1.02173e-14
-1.02173e-14
-1.02173e-14
-1.02173e-14
-1.02173e-14
-1.02173e-14
-1.02173e-14
-1.02173e-14
-1.02173e-14
-1.02173e-14
-1.02173e-14
-1.02173e-14
-1.02173e-14
-1.02173e-14
-1.02173e-14
-1.02173e-14
-1.02173e-14
-1.02173e-14
-1.02173e-14
-1.02173e-14
-1.02173e-14
-1.02173e-14
-1.02173e-14
-1.02173e-14
-1.02173e-14
-1.02173e-14
-1.02173e-14
-1.02173e-14
-1.02173e-14
-1.02173e-14
-1.02173e-14
-1.02173e-14
-1.02173e-14
-1.02173e-14
-1.02173e-14
-1.02173e-14
-1.02173e-14
-1.02173e-14
-1.02173e-14
-1.02173e-14
-1.02173e-14
-1.02173e-14
-1.02173e-14
-1.02173e-14
-1.02173e-14
-1.02173e-14
-1.02173e-14
-1.02173e-14
-1.02173e-14
-1.02173e-14
-1.02173e-14
-1.02173e-14
-1.02173e-14
-1.02173e-14
-1.02173e-14
-1.02173e-14
-1.02173e-14
-1.02173e-14
-1.02173e-14
-1.02173e-14
-1.02173e-14
-1.02173e-14
-1.02173e-14
-1.02173e-14
-1.02173e-14
-1.02173e-14
-1.02173e-14
-1.02173e-14
-1.02173e-14
-1.02173e-14
-1.02173e-14
-1.02173e-14
-1.02173e-14
-1.02173e-14
-1.02173e-14
-1.02173e-14
-1.02173e-14
-1.02173e-14
-1.02173e-14
-1.02173e-14
-1.02173e-14
-1.02173e-14
-1.02173e-14
-1.02173e-14
-1.02173e-14
-1.02173e-14
-1.02173e-14
-1.02173e-14
-1.02173e-14
-1.02173e-14
-1.02173e-14
-1.02173e-14
-1.02173e-14
-1.02173e-14
-1.02173e-14
-1.02173e-14
-1.02173e-14
-1.02173e-14
-1.02173e-14
-1.02173e-14
-1.02173e-14
-1.02173e-14
-1.02173e-14
-1.02173e-14
-1.02173e-14
-1.02173e-14
-1.02173e-14
-1.02173e-14
-1.02173e-14
-1.02173e-14
-1.02173e-14
-1.02173e-14
-1.02173e-14
-1.02173e-14
-1.02173e-14
-1.02173e-14
-1.02173e-14
-1.02173e-14
-1.02173e-14
-1.02173e-14
-1.02173e-14
-1.02173e-14
-1.02173e-14
-1.02173e-14
-1.02173e-14
-1.02173e-14
-1.02173e-14
-1.02173e-14
-1.02173e-14
-1.02173e-14
-1.02173e-14
-1.02173e-14
-1.02173e-14
-1.02173e-14
-1.02173e-14
-1.02173e-14
-1.02173e-14
-1.02173e-14
-1.02173e-14
-1.02173e-14
-1.02173e-14
-1.02173e-14
-1.02173e-14
-1.02173e-14
-1.02173e-14
-1.02173e-14
-1.02173e-14
-1.02173e-14
-1.02173e-14
-1.02173e-14
-1.02173e-14
-1.02173e-14
-1.02173e-14
-1.02173e-14
-1.02173e-14
-1.02173e-14
-1.02173e-14
-1.02173e-14
-1.02173e-14
-1.02173e-14
-1.02173e-14
-1.02173e-14
-1.02173e-14
-1.02173e-14
-1.02173e-14
-1.02173e-14
-1.02173e-14
-1.02173e-14
-1.02173e-14
-1.02173e-14
-1.02173e-14
-1.02173e-14
-1.02173e-14
-1.02173e-14
-1.02173e-14
-1.02173e-14
-1.02173e-14
-1.02173e-14
-1.02173e-14
-1.02173e-14
-1.02173e-14
-1.02173e-14
-1.02173e-14
-1.02173e-14
-1.02173e-14
-1.02173e-14
-1.02173e-14
-1.02173e-14
-1.02173e-14
-1.02173e-14
-1.02173e-14
-1.02173e-14
-1.02173e-14
-1.02173e-14
-1.02173e-14
-1.02173e-14
-1.02173e-14
-1.02173e-14
-1.02173e-14
-1.02173e-14
-1.02173e-14
-1.02173e-14
-1.02173e-14
-1.02173e-14
-1.02173e-14
-1.02173e-14
-1.02173e-14
-1.02173e-14
-1.02173e-14
-1.02173e-14
-1.02173e-14
-1.02173e-14
-1.02173e-14
-1.02173e-14
-1.02173e-14
-1.02173e-14
-1.02173e-14
-1.02173e-14
-1.02173e-14
-1.02173e-14
-1.02173e-14
-1.02173e-14
-1.02173e-14
-1.02173e-14
-1.02173e-14
-1.02173e-14
-1.02173e-14
-1.02173e-14
-1.02173e-14
-1.02173e-14
-1.02173e-14
-1.02173e-14
-1.02173e-14
-1.02173e-14
-1.02173e-14
-1.02173e-14
-1.02173e-14
-1.02173e-14
-1.02173e-14
-1.02173e-14
-1.02173e-14
-1.02173e-14
-1.02173e-14
-1.02173e-14
-1.02173e-14
-1.02173e-14
-1.02173e-14
-1.02173e-14
-1.02173e-14
-1.02173e-14
-1.02173e-14
-1.02173e-14
-1.02173e-14
-1.02173e-14
-1.02173e-14
-1.02173e-14
-1.02173e-14
-1.02173e-14
-1.02173e-14
-1.02173e-14
-1.02173e-14
-1.02173e-14
-1.02173e-14
-1.02173e-14
-1.02173e-14
-1.02173e-14
-1.02173e-14
-1.02173e-14
-1.02173e-14
-1.02173e-14
-1.02173e-14
-1.02173e-14
-1.02173e-14
-1.02173e-14
-1.02173e-14
-1.02173e-14
-1.02173e-14
-1.02173e-14
-1.02173e-14
-1.02173e-14
-1.02173e-14
-1.02173e-14
-1.02173e-14
-1.02173e-14
-1.02173e-14
-1.02173e-14
-1.02173e-14
-1.02173e-14
-1.02173e-14
-1.02173e-14
-1.02173e-14
-1.02173e-14
-1.02173e-14
-1.02173e-14
-1.02173e-14
-1.02173e-14
-1.02173e-14
-1.02173e-14
-1.02173e-14
-1.02173e-14
-1.02173e-14
-1.02173e-14
-1.02173e-14
-1.02173e-14
-1.02173e-14
-1.02173e-14
-1.02173e-14
-1.02173e-14
-1.02173e-14
-1.02173e-14
-1.02173e-14
-1.02173e-14
-1.02173e-14
-1.02173e-14
-1.02173e-14
-1.02173e-14
-1.02173e-14
-1.02173e-14
-1.02173e-14
-1.02173e-14
-1.02173e-14
-1.02173e-14
-1.02173e-14
-1.02173e-14
-1.02173e-14
-1.02173e-14
-1.02173e-14
-1.02173e-14
-1.02173e-14
-1.02173e-14
-1.02173e-14
-1.02173e-14
-1.02173e-14
-1.02173e-14
-1.02173e-14
-1.02173e-14
-1.02173e-14
-1.02173e-14
-1.02173e-14
-1.02173e-14
-1.02173e-14
-1.02173e-14
-1.02173e-14
-1.02173e-14
-1.02173e-14
-1.02173e-14
-1.02173e-14
-1.02173e-14
-1.02173e-14
-1.02173e-14
-1.02173e-14
-1.02173e-14
-1.02173e-14
-1.02173e-14
-1.02173e-14
-1.02173e-14
-1.02173e-14
-1.02173e-14
-1.02173e-14
-1.02173e-14
-1.02173e-14
-1.02173e-14
-1.02173e-14
-1.02173e-14
-1.02173e-14
-1.02173e-14
-1.02173e-14
-1.02173e-14
-1.02173e-14
-1.02173e-14
-1.02173e-14
-1.02173e-14
-1.02173e-14
-1.02173e-14
-1.02173e-14
-1.02173e-14
-1.02173e-14
-1.02173e-14
-1.02173e-14
-1.02173e-14
-1.02173e-14
-1.02173e-14
-1.02173e-14
-1.02173e-14
-1.02173e-14
-1.02173e-14
-1.02173e-14
-1.02173e-14
-1.02173e-14
-1.02173e-14
-1.02173e-14
-1.02173e-14
-1.02173e-14
-1.02173e-14
-1.02173e-14
-1.02173e-14
-1.02173e-14
-1.02173e-14
-1.02173e-14
-1.02173e-14
-1.02173e-14
-1.02173e-14
-1.02173e-14
-1.02173e-14
-1.02173e-14
-1.02173e-14
-1.02173e-14
-1.02173e-14
-1.02173e-14
-1.02173e-14
-1.02173e-14
-1.02173e-14
-1.02173e-14
-1.02173e-14
-1.02173e-14
-1.02173e-14
-1.02173e-14
-1.02173e-14
-1.02173e-14
-1.02173e-14
-1.02173e-14
-1.02173e-14
-1.02173e-14
-1.02173e-14
-1.02173e-14
-1.02173e-14
-1.02173e-14
-1.02173e-14
-1.02173e-14
-1.02173e-14
-1.02173e-14
-1.02173e-14
-1.02173e-14
-1.02173e-14
-1.02173e-14
-1.02173e-14
-1.02173e-14
-1.02173e-14
-1.02173e-14
-1.02173e-14
-1.02173e-14
-1.02173e-14
-1.02173e-14
-1.02173e-14
-1.02173e-14
-1.02173e-14
-1.02173e-14
-1.02173e-14
-1.02173e-14
-1.02173e-14
-1.02173e-14
-1.02173e-14
-1.02173e-14
-1.02173e-14
-1.02173e-14
-1.02173e-14
-1.02173e-14
-1.02173e-14
-1.02173e-14
-1.02173e-14
-1.02173e-14
-1.02173e-14
-1.02173e-14
-1.02173e-14
-1.02173e-14
-1.02173e-14
-1.02173e-14
-1.02173e-14
-1.02173e-14
-1.02173e-14
-1.02173e-14
-1.02173e-14
-1.02173e-14
-1.02173e-14
-1.02173e-14
-1.02173e-14
-1.02173e-14
-1.02173e-14
-1.02173e-14
-1.02173e-14
-1.02173e-14
-1.02173e-14
-1.02173e-14
-1.02173e-14
-1.02173e-14
-1.02173e-14
-1.02173e-14
-1.02173e-14
-1.02173e-14
-1.02173e-14
-1.02173e-14
-1.02173e-14
-1.02173e-14
-1.02173e-14
-1.02173e-14
-1.02173e-14
-1.02173e-14
-1.02173e-14
-1.02173e-14
-1.02173e-14
-1.02173e-14
-1.02173e-14
-1.02173e-14
-1.02173e-14
-1.02173e-14
-1.02173e-14
-1.02173e-14
-1.02173e-14
-1.02173e-14
-1.02173e-14
-1.02173e-14
-1.02173e-14
-1.02173e-14
-1.02173e-14
-1.02173e-14
-1.02173e-14
-1.02173e-14
-1.02173e-14
-1.02173e-14
-1.02173e-14
-1.02173e-14
-1.02173e-14
-1.02173e-14
-1.02173e-14
-1.02173e-14
-1.02173e-14
-1.02173e-14
-1.02173e-14
-1.02173e-14
-1.02173e-14
-1.02173e-14
-1.02173e-14
-1.02173e-14
-1.02173e-14
-1.02173e-14
-1.02173e-14
-1.02173e-14
-1.02173e-14
-1.02173e-14
-1.02173e-14
-1.02173e-14
-1.02173e-14
-1.02173e-14
-1.02173e-14
-1.02173e-14
-1.02173e-14
-1.02173e-14
-1.02173e-14
-1.02173e-14
-1.02173e-14
-1.02173e-14
-1.02173e-14
-1.02173e-14
-1.02173e-14
-1.02173e-14
-1.02173e-14
-1.02173e-14
-1.02173e-14
-1.02173e-14
-1.02173e-14
-1.02173e-14
-1.02173e-14
-1.02173e-14
-1.02173e-14
-1.02173e-14
-1.02173e-14
-1.02173e-14
-1.02173e-14
-1.02173e-14
-1.02173e-14
-1.02173e-14
-1.02173e-14
-1.02173e-14
-1.02173e-14
-1.02173e-14
-1.02173e-14
-1.02173e-14
-1.02173e-14
-1.02173e-14
-1.02173e-14
-1.02173e-14
-1.02173e-14
-1.02173e-14
-1.02173e-14
-1.02173e-14
-1.02173e-14
-1.02173e-14
-1.02173e-14
-1.02173e-14
-1.02173e-14
-1.02173e-14
-1.02173e-14
-1.02173e-14
-1.02173e-14
-1.02173e-14
-1.02173e-14
-1.02173e-14
-1.02173e-14
-1.02173e-14
-1.02173e-14
-1.02173e-14
-1.02173e-14
-1.02173e-14
-1.02173e-14
-1.02173e-14
-1.02173e-14
-1.02173e-14
-1.02173e-14
-1.02173e-14
-1.02173e-14
-1.02173e-14
-1.02173e-14
-1.02173e-14
-1.02173e-14
-1.02173e-14
-1.02173e-14
-1.02173e-14
-1.02173e-14
-1.02173e-14
-1.02173e-14
-1.02173e-14
-1.02173e-14
-1.02173e-14
-1.02173e-14
-1.02173e-14
-1.02173e-14
-1.02173e-14
-1.02173e-14
-1.02173e-14
-1.02173e-14
-1.02173e-14
-1.02173e-14
-1.02173e-14
-1.02173e-14
-1.02173e-14
-1.02173e-14
-1.02173e-14
-1.02173e-14
-1.02173e-14
-1.02173e-14
-1.02173e-14
-1.02173e-14
-1.02173e-14
-1.02173e-14
-1.02173e-14
-1.02173e-14
-1.02173e-14
-1.02173e-14
-1.02173e-14
-1.02173e-14
-1.02173e-14
-1.02173e-14
-1.02173e-14
-1.02173e-14
-1.02173e-14
-1.02173e-14
-1.02173e-14
-1.02173e-14
-1.02173e-14
-1.02173e-14
-1.02173e-14
-1.02173e-14
-1.02173e-14
-1.02173e-14
-1.02173e-14
-1.02173e-14
-1.02173e-14
-1.02173e-14
-1.02173e-14
-1.02173e-14
-1.02173e-14
-1.02173e-14
-1.02173e-14
-1.02173e-14
-1.02173e-14
-1.02173e-14
-1.02173e-14
-1.02173e-14
-1.02173e-14
-1.02173e-14
-1.02173e-14
-1.02173e-14
-1.02173e-14
-1.02173e-14
-1.02173e-14
-1.02173e-14
-1.02173e-14
-1.02173e-14
-1.02173e-14
-1.02173e-14
-1.02173e-14
-1.02173e-14
-1.02173e-14
-1.02173e-14
-1.02173e-14
-1.02173e-14
-1.02173e-14
-1.02173e-14
-1.02173e-14
-1.02173e-14
-1.02173e-14
-1.02173e-14
-1.02173e-14
-1.02173e-14
-1.02173e-14
-1.02173e-14
-1.02173e-14
-1.02173e-14
-1.02173e-14
-1.02173e-14
-1.02173e-14
-1.02173e-14
-1.02173e-14
-1.02173e-14
-1.02173e-14
-1.02173e-14
-1.02173e-14
-1.02173e-14
-1.02173e-14
-1.02173e-14
-1.02173e-14
-1.02173e-14
-1.02173e-14
-1.02173e-14
-1.02173e-14
-1.02173e-14
-1.02173e-14
-1.02173e-14
-1.02173e-14
-1.02173e-14
-1.02173e-14
-1.02173e-14
-1.02173e-14
-1.02173e-14
-1.02173e-14
-1.02173e-14
-1.02173e-14
-1.02173e-14
-1.02173e-14
-1.02173e-14
-1.02173e-14
-1.02173e-14
-1.02173e-14
-1.02173e-14
-1.02173e-14
-1.02173e-14
-1.02173e-14
-1.02173e-14
-1.02173e-14
-1.02173e-14
-1.02173e-14
-1.02173e-14
-1.02173e-14
-1.02173e-14
-1.02173e-14
-1.02173e-14
-1.02173e-14
-1.02173e-14
-1.02173e-14
-1.02173e-14
-1.02173e-14
-1.02173e-14
-1.02173e-14
-1.02173e-14
-1.02173e-14
-1.02173e-14
-1.02173e-14
-1.02173e-14
-1.02173e-14
-1.02173e-14
-1.02173e-14
-1.02173e-14
-1.02173e-14
-1.02173e-14
-1.02173e-14
-1.02173e-14
-1.02173e-14
-1.02173e-14
-1.02173e-14
-1.02173e-14
-1.02173e-14
-1.02173e-14
-1.02173e-14
-1.02173e-14
-1.02173e-14
-1.02173e-14
-1.02173e-14
-1.02173e-14
-1.02173e-14
-1.02173e-14
-1.02173e-14
-1.02173e-14
-1.02173e-14
-1.02173e-14
-1.02173e-14
-1.02173e-14
-1.02173e-14
-1.02173e-14
-1.02173e-14
-1.02173e-14
-1.02173e-14
-1.02173e-14
-1.02173e-14
-1.02173e-14
-1.02173e-14
-1.02173e-14
-1.02173e-14
-1.02173e-14
-1.02173e-14
-1.02173e-14
-1.02173e-14
-1.02173e-14
-1.02173e-14
-1.02173e-14
-1.02173e-14
-1.02173e-14
-1.02173e-14
-1.02173e-14
-1.02173e-14
-1.02173e-14
-1.02173e-14
-1.02173e-14
-1.02173e-14
-1.02173e-14
-1.02173e-14
-1.02173e-14
-1.02173e-14
-1.02173e-14
-1.02173e-14
-1.02173e-14
-1.02173e-14
-1.02173e-14
-1.02173e-14
-1.02173e-14
-1.02173e-14
-1.02173e-14
-1.02173e-14
-1.02173e-14
-1.02173e-14
-1.02173e-14
-1.02173e-14
-1.02173e-14
-1.02173e-14
-1.02173e-14
-1.02173e-14
-1.02173e-14
-1.02173e-14
-1.02173e-14
-1.02173e-14
-1.02173e-14
-1.02173e-14
-1.02173e-14
-1.02173e-14
-1.02173e-14
-1.02173e-14
-1.02173e-14
-1.02173e-14
-1.02173e-14
-1.02173e-14
-1.02173e-14
-1.02173e-14
-1.02173e-14
-1.02173e-14
-1.02173e-14
-1.02173e-14
-1.02173e-14
-1.02173e-14
-1.02173e-14
-1.02173e-14
-1.02173e-14
-1.02173e-14
-1.02173e-14
-1.02173e-14
-1.02173e-14
-1.02173e-14
-1.02173e-14
-1.02173e-14
-1.02173e-14
-1.02173e-14
-1.02173e-14
-1.02173e-14
-1.02173e-14
-1.02173e-14
-1.02173e-14
-1.02173e-14
-1.02173e-14
-1.02173e-14
-1.02173e-14
-1.02173e-14
-1.02173e-14
-1.02173e-14
-1.02173e-14
-1.02173e-14
-1.02173e-14
-1.02173e-14
-1.02173e-14
-1.02173e-14
-1.02173e-14
-1.02173e-14
-1.02173e-14
-1.02173e-14
-1.02173e-14
-1.02173e-14
-1.02173e-14
-1.02173e-14
-1.02173e-14
-1.02173e-14
-1.02173e-14
-1.02173e-14
-1.02173e-14
-1.02173e-14
-1.02173e-14
-1.02173e-14
-1.02173e-14
-1.02173e-14
-1.02173e-14
-1.02173e-14
-1.02173e-14
-1.02173e-14
-1.02173e-14
-1.02173e-14
-1.02173e-14
-1.02173e-14
-1.02173e-14
-1.02173e-14
-1.02173e-14
-1.02173e-14
-1.02173e-14
-1.02173e-14
-1.02173e-14
-1.02173e-14
-1.02173e-14
-1.02173e-14
-1.02173e-14
-1.02173e-14
-1.02173e-14
-1.02173e-14
-1.02173e-14
-1.02173e-14
-1.02173e-14
-1.02173e-14
-1.02173e-14
-1.02173e-14
-1.02173e-14
-1.02173e-14
-1.02173e-14
-1.02173e-14
-1.02173e-14
-1.02173e-14
-1.02173e-14
-1.02173e-14
-1.02173e-14
-1.02173e-14
-1.02173e-14
-1.02173e-14
-1.02173e-14
-1.02173e-14
-1.02173e-14
-1.02173e-14
-1.02173e-14
-1.02173e-14
-1.02173e-14
-1.02173e-14
-1.02173e-14
-1.02173e-14
-1.02173e-14
-1.02173e-14
-1.02173e-14
-1.02173e-14
-1.02173e-14
-1.02173e-14
-1.02173e-14
-1.02173e-14
-1.02173e-14
-1.02173e-14
-1.02173e-14
-1.02173e-14
-1.02173e-14
-1.02173e-14
-1.02173e-14
-1.02173e-14
-1.02173e-14
-1.02173e-14
-1.02173e-14
-1.02173e-14
-1.02173e-14
-1.02173e-14
-1.02173e-14
-1.02173e-14
-1.02173e-14
-1.02173e-14
-1.02173e-14
-1.02173e-14
-1.02173e-14
-1.02173e-14
-1.02173e-14
-1.02173e-14
-1.02173e-14
-1.02173e-14
-1.02173e-14
-1.02173e-14
-1.02173e-14
-1.02173e-14
-1.02173e-14
-1.02173e-14
-1.02173e-14
-1.02173e-14
-1.02173e-14
-1.02173e-14
-1.02173e-14
-1.02173e-14
-1.02173e-14
-1.02173e-14
-1.02173e-14
-1.02173e-14
-1.02173e-14
-1.02173e-14
-1.02173e-14
-1.02173e-14
-1.02173e-14
-1.02173e-14
-1.02173e-14
-1.02173e-14
-1.02173e-14
-1.02173e-14
-1.02173e-14
-1.02173e-14
-1.02173e-14
-1.02173e-14
-1.02173e-14
-1.02173e-14
-1.02173e-14
-1.02173e-14
-1.02173e-14
-1.02173e-14
-1.02173e-14
-1.02173e-14
-1.02173e-14
-1.02173e-14
-1.02173e-14
-1.02173e-14
-1.02173e-14
-1.02173e-14
-1.02173e-14
-1.02173e-14
-1.02173e-14
-1.02173e-14
-1.02173e-14
-1.02173e-14
-1.02173e-14
-1.02173e-14
-1.02173e-14
-1.02173e-14
-1.02173e-14
-1.02173e-14
-1.02173e-14
-1.02173e-14
-1.02173e-14
-1.02173e-14
-1.02173e-14
-1.02173e-14
-1.02173e-14
-1.02173e-14
-1.02173e-14
-1.02173e-14
-1.02173e-14
-1.02173e-14
-1.02173e-14
-1.02173e-14
-1.02173e-14
-1.02173e-14
-1.02173e-14
-1.02173e-14
-1.02173e-14
-1.02173e-14
-1.02173e-14
-1.02173e-14
-1.02173e-14
-1.02173e-14
-1.02173e-14
-1.02173e-14
-1.02173e-14
-1.02173e-14
-1.02173e-14
-1.02173e-14
-1.02173e-14
-1.02173e-14
-1.02173e-14
-1.02173e-14
-1.02173e-14
-1.02173e-14
-1.02173e-14
-1.02173e-14
-1.02173e-14
-1.02173e-14
-1.02173e-14
-1.02173e-14
-1.02173e-14
-1.02173e-14
-1.02173e-14
-1.02173e-14
-1.02173e-14
-1.02173e-14
-1.02173e-14
-1.02173e-14
-1.02173e-14
-1.02173e-14
-1.02173e-14
-1.02173e-14
-1.02173e-14
-1.02173e-14
-1.02173e-14
-1.02173e-14
-1.02173e-14
-1.02173e-14
-1.02173e-14
-1.02173e-14
-1.02173e-14
-1.02173e-14
-1.02173e-14
-1.02173e-14
-1.02173e-14
-1.02173e-14
-1.02173e-14
-1.02173e-14
-1.02173e-14
-1.02173e-14
-1.02173e-14
-1.02173e-14
-1.02173e-14
-1.02173e-14
-1.02173e-14
-1.02173e-14
-1.02173e-14
-1.02173e-14
-1.02173e-14
-1.02173e-14
-1.02173e-14
-1.02173e-14
-1.02173e-14
-1.02173e-14
-1.02173e-14
-1.02173e-14
-1.02173e-14
-1.02173e-14
-1.02173e-14
-1.02173e-14
-1.02173e-14
-1.02173e-14
-1.02173e-14
-1.02173e-14
-1.02173e-14
-1.02173e-14
-1.02173e-14
-1.02173e-14
-1.02173e-14
-1.02173e-14
-1.02173e-14
-1.02173e-14
-1.02173e-14
-1.02173e-14
-1.02173e-14
-1.02173e-14
-1.02173e-14
-1.02173e-14
-1.02173e-14
-1.02173e-14
-1.02173e-14
-1.02173e-14
-1.02173e-14
-1.02173e-14
-1.02173e-14
-1.02173e-14
-1.02173e-14
-1.02173e-14
-1.02173e-14
-1.02173e-14
-1.02173e-14
-1.02173e-14
-1.02173e-14
-1.02173e-14
-1.02173e-14
-1.02173e-14
-1.02173e-14
-1.02173e-14
-1.02173e-14
-1.02173e-14
-1.02173e-14
-1.02173e-14
-1.02173e-14
-1.02173e-14
-1.02173e-14
-1.02173e-14
-1.02173e-14
-1.02173e-14
-1.02173e-14
-1.02173e-14
-1.02173e-14
-1.02173e-14
-1.02173e-14
-1.02173e-14
-1.02173e-14
-1.02173e-14
-1.02173e-14
-1.02173e-14
-1.02173e-14
-1.02173e-14
-1.02173e-14
-1.02173e-14
-1.02173e-14
-1.02173e-14
-1.02173e-14
-1.02173e-14
-1.02173e-14
-1.02173e-14
-1.02173e-14
-1.02173e-14
-1.02173e-14
-1.02173e-14
-1.02173e-14
-1.02173e-14
-1.02173e-14
-1.02173e-14
-1.02173e-14
-1.02173e-14
-1.02173e-14
-1.02173e-14
-1.02173e-14
-1.02173e-14
-1.02173e-14
-1.02173e-14
-1.02173e-14
-1.02173e-14
-1.02173e-14
-1.02173e-14
-1.02173e-14
-1.02173e-14
-1.02173e-14
-1.02173e-14
-1.02173e-14
-1.02173e-14
-1.02173e-14
-1.02173e-14
-1.02173e-14
-1.02173e-14
-1.02173e-14
-1.02173e-14
-1.02173e-14
-1.02173e-14
-1.02173e-14
-1.02173e-14
-1.02173e-14
-1.02173e-14
-1.02173e-14
-1.02173e-14
-1.02173e-14
-1.02173e-14
-1.02173e-14
-1.02173e-14
-1.02173e-14
-1.02173e-14
-1.02173e-14
-1.02173e-14
-1.02173e-14
-1.02173e-14
-1.02173e-14
-1.02173e-14
-1.02173e-14
-1.02173e-14
-1.02173e-14
-1.02173e-14
-1.02173e-14
-1.02173e-14
-1.02173e-14
-1.02173e-14
-1.02173e-14
-1.02173e-14
-1.02173e-14
-1.02173e-14
-1.02173e-14
-1.02173e-14
-1.02173e-14
-1.02173e-14
-1.02173e-14
-1.02173e-14
-1.02173e-14
-1.02173e-14
-1.02173e-14
-1.02173e-14
-1.02173e-14
-1.02173e-14
-1.02173e-14
-1.02173e-14
-1.02173e-14
-1.02173e-14
-1.02173e-14
-1.02173e-14
-1.02173e-14
-1.02173e-14
-1.02173e-14
-1.02173e-14
-1.02173e-14
-1.02173e-14
-1.02173e-14
-1.02173e-14
-1.02173e-14
-1.02173e-14
-1.02173e-14
-1.02173e-14
-1.02173e-14
-1.02173e-14
-1.02173e-14
-1.02173e-14
-1.02173e-14
-1.02173e-14
-1.02173e-14
-1.02173e-14
-1.02173e-14
-1.02173e-14
-1.02173e-14
-1.02173e-14
-1.02173e-14
-1.02173e-14
-1.02173e-14
-1.02173e-14
-1.02173e-14
-1.02173e-14
-1.02173e-14
-1.02173e-14
-1.02173e-14
-1.02173e-14
-1.02173e-14
-1.02173e-14
-1.02173e-14
-1.02173e-14
-1.02173e-14
-1.02173e-14
-1.02173e-14
-1.02173e-14
-1.02173e-14
-1.02173e-14
-1.02173e-14
-1.02173e-14
-1.02173e-14
-1.02173e-14
-1.02173e-14
-1.02173e-14
-1.02173e-14
-1.02173e-14
-1.02173e-14
-1.02173e-14
-1.02173e-14
-1.02173e-14
-1.02173e-14
-1.02173e-14
-1.02173e-14
-1.02173e-14
-1.02173e-14
-1.02173e-14
-1.02173e-14
-1.02173e-14
-1.02173e-14
-1.02173e-14
-1.02173e-14
-1.02173e-14
-1.02173e-14
-1.02173e-14
-1.02173e-14
-1.02173e-14
-1.02173e-14
-1.02173e-14
-1.02173e-14
-1.02173e-14
-1.02173e-14
-1.02173e-14
-1.02173e-14
-1.02173e-14
-1.02173e-14
-1.02173e-14
-1.02173e-14
-1.02173e-14
-1.02173e-14
-1.02173e-14
-1.02173e-14
-1.02173e-14
-1.02173e-14
-1.02173e-14
-1.02173e-14
-1.02173e-14
-1.02173e-14
-1.02173e-14
-1.02173e-14
-1.02173e-14
-1.02173e-14
-1.02173e-14
-1.02173e-14
-1.02173e-14
-1.02173e-14
-1.02173e-14
-1.02173e-14
-1.02173e-14
-1.02173e-14
-1.02173e-14
-1.02173e-14
-1.02173e-14
-1.02173e-14
-1.02173e-14
-1.02173e-14
-1.02173e-14
-1.02173e-14
-1.02173e-14
-1.02173e-14
-1.02173e-14
-1.02173e-14
-1.02173e-14
-1.02173e-14
-1.02173e-14
-1.02173e-14
-1.02173e-14
-1.02173e-14
-1.02173e-14
-1.02173e-14
-1.02173e-14
-1.02173e-14
-1.02173e-14
-1.02173e-14
-1.02173e-14
-1.02173e-14
-1.02173e-14
-1.02173e-14
-1.02173e-14
-1.02173e-14
-1.02173e-14
-1.02173e-14
-1.02173e-14
-1.02173e-14
-1.02173e-14
-1.02173e-14
-1.02173e-14
-1.02173e-14
-1.02173e-14
-1.02173e-14
-1.02173e-14
-1.02173e-14
-1.02173e-14
-1.02173e-14
-1.02173e-14
-1.02173e-14
-1.02173e-14
-1.02173e-14
-1.02173e-14
-1.02173e-14
-1.02173e-14
-1.02173e-14
-1.02173e-14
-1.02173e-14
-1.02173e-14
-1.02173e-14
-1.02173e-14
-1.02173e-14
-1.02173e-14
-1.02173e-14
-1.02173e-14
-1.02173e-14
-1.02173e-14
-1.02173e-14
-1.02173e-14
-1.02173e-14
-1.02173e-14
-1.02173e-14
-1.02173e-14
-1.02173e-14
-1.02173e-14
-1.02173e-14
-1.02173e-14
-1.02173e-14
-1.02173e-14
-1.02173e-14
-1.02173e-14
-1.02173e-14
-1.02173e-14
-1.02173e-14
-1.02173e-14
-1.02173e-14
-1.02173e-14
-1.02173e-14
-1.02173e-14
-1.02173e-14
-1.02173e-14
-1.02173e-14
-1.02173e-14
-1.02173e-14
-1.02173e-14
-1.02173e-14
-1.02173e-14
-1.02173e-14
-1.02173e-14
-1.02173e-14
-1.02173e-14
-1.02173e-14
-1.02173e-14
-1.02173e-14
-1.02173e-14
-1.02173e-14
-1.02173e-14
-1.02173e-14
-1.02173e-14
-1.02173e-14
-1.02173e-14
-1.02173e-14
-1.02173e-14
-1.02173e-14
-1.02173e-14
-1.02173e-14
-1.02173e-14
-1.02173e-14
-1.02173e-14
-1.02173e-14
-1.02173e-14
-1.02173e-14
-1.02173e-14
-1.02173e-14
-1.02173e-14
-1.02173e-14
-1.02173e-14
-1.02173e-14
-1.02173e-14
-1.02173e-14
-1.02173e-14
-1.02173e-14
-1.02173e-14
-1.02173e-14
-1.02173e-14
-1.02173e-14
-1.02173e-14
-1.02173e-14
-1.02173e-14
-1.02173e-14
-1.02173e-14
-1.02173e-14
-1.02173e-14
-1.02173e-14
-1.02173e-14
-1.02173e-14
-1.02173e-14
-1.02173e-14
-1.02173e-14
-1.02173e-14
-1.02173e-14
-1.02173e-14
-1.02173e-14
-1.02173e-14
-1.02173e-14
-1.02173e-14
-1.02173e-14
-1.02173e-14
-1.02173e-14
-1.02173e-14
-1.02173e-14
-1.02173e-14
-1.02173e-14
-1.02173e-14
-1.02173e-14
-1.02173e-14
-1.02173e-14
-1.02173e-14
-1.02173e-14
-1.02173e-14
-1.02173e-14
-1.02173e-14
-1.02173e-14
-1.02173e-14
-1.02173e-14
-1.02173e-14
-1.02173e-14
-1.02173e-14
-1.02173e-14
-1.02173e-14
-1.02173e-14
-1.02173e-14
-1.02173e-14
-1.02173e-14
-1.02173e-14
-1.02173e-14
-1.02173e-14
-1.02173e-14
-1.02173e-14
-1.02173e-14
-1.02173e-14
-1.02173e-14
-1.02173e-14
-1.02173e-14
-1.02173e-14
-1.02173e-14
-1.02173e-14
-1.02173e-14
-1.02173e-14
-1.02173e-14
-1.02173e-14
-1.02173e-14
-1.02173e-14
-1.02173e-14
-1.02173e-14
-1.02173e-14
-1.02173e-14
-1.02173e-14
-1.02173e-14
-1.02173e-14
-1.02173e-14
-1.02173e-14
-1.02173e-14
-1.02173e-14
-1.02173e-14
-1.02173e-14
-1.02173e-14
-1.02173e-14
-1.02173e-14
-1.02173e-14
-1.02173e-14
-1.02173e-14
-1.02173e-14
-1.02173e-14
-1.02173e-14
-1.02173e-14
-1.02173e-14
-1.02173e-14
-1.02173e-14
-1.02173e-14
-1.02173e-14
-1.02173e-14
-1.02173e-14
-1.02173e-14
-1.02173e-14
-1.02173e-14
-1.02173e-14
-1.02173e-14
-1.02173e-14
-1.02173e-14
-1.02173e-14
-1.02173e-14
-1.02173e-14
-1.02173e-14
-1.02173e-14
-1.02173e-14
-1.02173e-14
-1.02173e-14
-1.02173e-14
-1.02173e-14
-1.02173e-14
-1.02173e-14
-1.02173e-14
-1.02173e-14
-1.02173e-14
-1.02173e-14
-1.02173e-14
-1.02173e-14
-1.02173e-14
-1.02173e-14
-1.02173e-14
-1.02173e-14
-1.02173e-14
-1.02173e-14
-1.02173e-14
-1.02173e-14
-1.02173e-14
-1.02173e-14
-1.02173e-14
-1.02173e-14
-1.02173e-14
-1.02173e-14
-1.02173e-14
-1.02173e-14
-1.02173e-14
-1.02173e-14
-1.02173e-14
-1.02173e-14
-1.02173e-14
-1.02173e-14
-1.02173e-14
-1.02173e-14
-1.02173e-14
-1.02173e-14
-1.02173e-14
-1.02173e-14
-1.02173e-14
-1.02173e-14
-1.02173e-14
-1.02173e-14
-1.02173e-14
-1.02173e-14
-1.02173e-14
-1.02173e-14
-1.02173e-14
-1.02173e-14
-1.02173e-14
-1.02173e-14
-1.02173e-14
-1.02173e-14
-1.02173e-14
-1.02173e-14
-1.02173e-14
-1.02173e-14
-1.02173e-14
-1.02173e-14
-1.02173e-14
-1.02173e-14
-1.02173e-14
-1.02173e-14
-1.02173e-14
-1.02173e-14
-1.02173e-14
-1.02173e-14
-1.02173e-14
-1.02173e-14
-1.02173e-14
-1.02173e-14
-1.02173e-14
-1.02173e-14
-1.02173e-14
