-1.02252e-11
-0
-1.02252e-11
-1.02252e-11
-1.02252e-11
-1.02252e-11
-1.02252e-11
-1.02252e-11
-1.02252e-11
-1.02252e-11
-1.02252e-11
-1.02252e-11
-1.02252e-11
-1.02252e-11
-1.02252e-11
-1.02252e-11
-1.02252e-11
-1.02252e-11
-1.02252e-11
-1.02252e-11
-2.04503e-11
-2.04503e-11
-2.04503e-11
-2.04503e-11
-2.04503e-11
-2.04503e-11
-2.04503e-11
-2.04503e-11
-2.04503e-11
-2.04503e-11
-3.06755e-11
-3.06755e-11
-2.04503e-11
-2.04503e-11
-2.04503e-11
-2.04503e-11
-2.04503e-11
-2.04503e-11
-2.04503e-11
-2.04503e-11
-2.04503e-11
-2.04503e-11
-3.06755e-11
-3.06755e-11
-3.06755e-11
-3.06755e-11
-3.06755e-11
-3.06755e-11
-3.06755e-11
-3.06755e-11
-3.06755e-11
-3.06755e-11
-3.06755e-11
-3.06755e-11
-3.06755e-11
-4.09006e-11
-4.09006e-11
-5.11258e-11
-5.11258e-11
-5.11258e-11
-4.09006e-11
-4.09006e-11
-4.09006e-11
-4.09006e-11
-4.09006e-11
-4.09006e-11
-4.09006e-11
-4.09006e-11
-6.13509e-11
-6.13509e-11
-6.13509e-11
-6.13509e-11
-6.13509e-11
-6.13509e-11
-6.13509e-11
-6.13509e-11
-6.13509e-11
-6.13509e-11
-7.15761e-11
-8.18012e-11
-1.12477e-10
-1.12477e-10
-1.12477e-10
-1.22702e-10
-1.32927e-10
-1.32927e-10
-1.32927e-10
-1.53377e-10
-1.53377e-10
-1.53377e-10
-1.63602e-10
-1.63602e-10
-1.63602e-10
-1.63602e-10
-1.73828e-10
-1.73828e-10
-1.73828e-10
-1.84053e-10
-1.84053e-10
-1.84053e-10
-1.84053e-10
-1.94278e-10
-1.94278e-10
-2.24953e-10
-2.35178e-10
-2.35178e-10
-2.35178e-10
-2.65854e-10
-2.86304e-10
-2.96529e-10
-3.06755e-10
-3.27205e-10
-3.47655e-10
-3.68105e-10
-3.68105e-10
-3.88556e-10
-3.98781e-10
-4.19231e-10
-4.39682e-10
-4.70357e-10
-4.70357e-10
-4.80582e-10
-5.01032e-10
-5.21483e-10
-5.21483e-10
-5.62383e-10
-6.03284e-10
-6.33959e-10
-6.44185e-10
-6.9531e-10
-7.36211e-10
-7.77112e-10
-7.97562e-10
-8.89588e-10
-9.40714e-10
-1.04297e-09
-1.11454e-09
-1.13499e-09
-1.21679e-09
-1.27814e-09
-1.30882e-09
-1.34972e-09
-1.41107e-09
-1.544e-09
-1.5849e-09
-1.67692e-09
-1.7076e-09
-1.82008e-09
-1.9121e-09
-2.01435e-09
-2.13706e-09
-2.20863e-09
-2.32111e-09
-2.45404e-09
-2.54606e-09
-2.61764e-09
-2.77102e-09
-3.00619e-09
-3.13912e-09
-3.3743e-09
-3.52768e-09
-3.67083e-09
-3.98781e-09
-4.19231e-09
-4.38659e-09
-4.55019e-09
-4.90807e-09
-5.19438e-09
-5.48068e-09
-5.69541e-09
-6.06352e-09
-6.28847e-09
-6.67702e-09
-6.994e-09
-7.34166e-09
-7.69954e-09
-8.2108e-09
-8.60958e-09
-9.05948e-09
-9.59119e-09
-1.01638e-08
-1.06239e-08
-1.11352e-08
-1.17078e-08
-1.23724e-08
-1.28632e-08
-1.34972e-08
-1.42436e-08
-1.48878e-08
-1.56752e-08
-1.65136e-08
-1.74134e-08
-1.81905e-08
-1.91926e-08
-2.00311e-08
-2.09718e-08
-2.22806e-08
-2.34565e-08
-2.46324e-08
-2.58287e-08
-2.70558e-08
-2.84566e-08
-2.99904e-08
-3.15855e-08
-3.29863e-08
-3.46735e-08
-3.66878e-08
-3.86102e-08
-4.04405e-08
-4.2373e-08
-4.48577e-08
-4.7005e-08
-4.93977e-08
-5.17495e-08
-5.46125e-08
-5.73222e-08
-6.0267e-08
-6.33959e-08
-6.61056e-08
-6.90096e-08
-7.22714e-08
-7.59524e-08
-7.97869e-08
-8.33554e-08
-8.7558e-08
-9.23229e-08
-9.71798e-08
-1.0217e-07
-1.07579e-07
-1.13019e-07
-1.1855e-07
-1.24686e-07
-1.30851e-07
-1.37825e-07
-1.44819e-07
-1.52232e-07
-1.59666e-07
-1.67273e-07
-1.75862e-07
-1.84912e-07
-1.94145e-07
-2.04063e-07
-2.14738e-07
-2.25465e-07
-2.36344e-07
-2.47643e-07
-2.6022e-07
-2.7295e-07
-2.87204e-07
-3.02613e-07
-3.17951e-07
-3.34168e-07
-3.51602e-07
-3.69128e-07
-3.87349e-07
-4.07902e-07
-4.28669e-07
-4.50602e-07
-4.732e-07
-4.973e-07
-5.22669e-07
-5.50215e-07
-5.77936e-07
-6.08376e-07
-6.39491e-07
-6.71956e-07
-7.05679e-07
-7.41231e-07
-7.78809e-07
-8.17705e-07
-8.59128e-07
-9.0237e-07
-9.48751e-07
-9.95439e-07
-1.04465e-06
-1.09692e-06
-1.1509e-06
-1.20837e-06
-1.26959e-06
-1.33453e-06
-1.40058e-06
-1.47328e-06
-1.5466e-06
-1.62315e-06
-1.70426e-06
-1.79013e-06
-1.87963e-06
-1.97467e-06
-2.07023e-06
-2.17327e-06
-2.28097e-06
-2.39336e-06
-2.50986e-06
-2.63081e-06
-2.75945e-06
-2.89333e-06
-3.03245e-06
-3.17723e-06
-3.32563e-06
-3.47876e-06
-3.6355e-06
-3.79653e-06
-3.96296e-06
-4.13346e-06
-4.30614e-06
-4.48233e-06
-4.65764e-06
-4.83472e-06
-5.00804e-06
-5.17848e-06
-5.34413e-06
-5.50453e-06
-5.65638e-06
-5.79527e-06
-5.91692e-06
-6.02527e-06
-6.1126e-06
-6.18118e-06
-6.23396e-06
-6.26794e-06
-6.2789e-06
-6.26575e-06
-6.22981e-06
-6.16762e-06
-6.07795e-06
-5.94715e-06
-5.77543e-06
-5.56786e-06
-5.32113e-06
-5.03127e-06
-4.70574e-06
-4.35567e-06
-3.98542e-06
-3.60457e-06
-3.22203e-06
-2.84793e-06
-2.49001e-06
-2.15317e-06
-1.84913e-06
-1.57262e-06
-1.3214e-06
-1.10246e-06
-9.12666e-07
-7.4707e-07
-6.03345e-07
-4.84774e-07
-3.85079e-07
-3.00977e-07
-2.29534e-07
-1.70934e-07
-1.24829e-07
-9.00836e-08
-6.22712e-08
-4.2097e-08
-2.75875e-08
-1.7485e-08
-1.09409e-08
-6.88153e-09
-4.07984e-09
-2.43359e-09
-1.39062e-09
-7.15761e-10
-4.90807e-10
-2.76079e-10
-8.18012e-11
-2.04503e-11
-0
-0
-0
-0
-0
-0
-0
-0
-0
-0
-0
-0
-0
-0
-0
-0
-0
-0
-0
-0
-0
-0
-0
-0
-0
-0
-0
-0
-0
-0
-0
-0
-0
-0
-0
-0
-0
-0
-0
-0
-0
-0
-0
-0
-0
-0
-0
-0
-0
-0
-0
-0
-0
-0
-0
-0
-0
-0
-0
-0
-0
-0
-0
-0
-0
-0
-0
-0
-0
-0
-0
-0
-0
-0
-0
-0
-0
-0
-0
-0
-0
-0
-0
-0
-0
-0
-0
-0
-0
-0
-0
-0
-0
-0
-0
-0
-0
-0
-0
-0
-0
-0
-0
-0
-0
-0
-0
-0
-0
-0
-0
-0
-0
-0
-0
-0
-0
-0
-0
-0
-0
-0
-0
-0
-0
-0
-0
-0
-0
-0
-0
-0
-0
-0
-0
-0
-0
-0
-0
-0
-0
-0
-0
-0
-0
-0
-0
-0
-0
-0
-0
-0
-0
-0
-0
-0
-0
-0
-0
-0
-0
-0
-0
-0
-0
-0
-0
-0
-0
-0
-0
-0
-0
-0
-0
-0
-0
-0
-0
-0
-0
-0
-0
-0
-0
-0
-0
-0
-0
-0
-0
-0
-0
-0
-0
-0
-0
-0
-0
-0
-0
-0
-0
-0
-0
-0
-0
-0
-0
-0
-0
-0
-0
-0
-0
-0
-0
-0
-0
-0
-0
-0
-0
-0
-0
-0
-0
-0
-0
-0
-0
-0
-0
-0
-0
-0
-0
-0
-0
-0
-0
-0
-0
-0
-0
-0
-0
-0
-0
-0
-0
-0
-0
-0
-0
-0
-0
-0
-0
-0
-0
-0
-0
-0
-0
-0
-0
-0
-0
-0
-0
-0
-0
-0
-0
-0
-0
-0
-0
-0
-0
-0
-0
-0
-0
-0
-0
-0
-0
-0
-0
-0
-0
-0
-0
-0
-0
-0
-0
-0
-0
-0
-0
-0
-0
-0
-0
-0
-0
-0
-0
-0
-0
-0
-0
-0
-0
-0
-0
-0
-0
-0
-0
-0
-0
-0
-0
-0
-0
-0
-0
-0
-0
-0
-0
-0
-0
-0
-0
-0
-0
-0
-0
-0
-0
-0
-0
-0
-0
-0
-0
-0
-0
-0
-0
-0
-0
-0
-0
-0
-0
-0
-0
-0
-0
-0
-0
-0
-0
-0
-0
-0
-0
-0
-0
-0
-0
-0
-0
-0
-0
-0
-0
-0
-0
-0
-0
-0
-0
-0
-0
-0
-0
-0
-0
-0
-0
-0
-0
-0
-0
-0
-0
-0
-0
-0
-0
-0
-0
-0
-0
-0
-0
-0
-0
-0
-0
-0
-0
-0
-0
-0
-0
-0
-0
-0
-0
-0
-0
-0
-0
-0
-0
-0
-0
-0
-0
-0
-0
-0
-0
-0
-0
-0
-0
-0
-0
-0
-0
-0
-0
-0
-0
-0
-0
-0
-0
-0
-0
-0
-0
-0
-0
-0
-0
-0
-0
-0
-0
-0
-0
-0
-0
-0
-0
-0
-0
-0
-0
-0
-0
-0
-0
-0
-0
-0
-0
-0
-0
-0
-0
-0
-0
-0
-0
-0
-0
-0
-0
-0
-0
-0
-0
-0
-0
-0
-0
-0
-0
-0
-0
-0
-0
-0
-0
-0
-0
-0
-0
-0
-0
-0
-0
-0
-0
-0
-0
-0
-0
-0
-0
-0
-0
-0
-0
-0
-0
-0
-0
-0
-0
-0
-0
-0
-0
-0
-0
-0
-0
-0
-0
-0
-0
-0
-0
-0
-0
-0
-0
-0
-0
-0
-0
-0
-0
-0
-0
-0
-0
-0
-0
-0
-0
-0
-0
-0
-0
-0
-0
-0
-0
-0
-0
-0
-0
-0
-0
-0
-0
-0
-0
-0
-0
-0
-0
-0
-0
-0
-0
-0
-0
-0
-0
-0
-0
-0
-0
-0
-0
-0
-0
-0
-0
-0
-0
-0
-0
-0
-0
-0
-0
-0
-0
-0
-0
-0
-0
-0
-0
-0
-0
-0
-0
-0
-0
-0
-0
-0
-0
-0
-0
-0
-0
-0
-0
-0
-0
-0
-0
-0
-0
-0
-0
-0
-0
-0
-0
-0
-0
-0
-0
-0
-0
-0
-0
-0
-0
-0
-0
-0
-0
-0
-0
-0
-0
-0
-0
-0
-0
-0
-0
-0
-0
-0
-0
-0
-0
-0
-0
-0
-0
-0
-0
-0
-0
-0
-0
-0
-0
-0
-0
-0
-0
-0
-0
-0
-0
-0
-0
-0
-0
-0
-0
-0
-0
-0
-0
-0
-0
-0
-0
-0
-0
-0
-0
-0
-0
-0
-0
-0
-0
-0
-0
-0
-0
-0
-0
-0
-0
-0
-0
-0
-0
-0
-0
-0
-0
-0
-0
-0
-0
-0
-0
-0
-0
-0
-0
-0
-0
-0
-0
-0
-0
-0
-0
-0
-0
-0
-0
-0
-0
-0
-0
-0
-0
-0
-0
-0
-0
-0
-0
-0
-0
-0
-0
-0
-0
-0
-0
-0
-0
-0
-0
-0
-0
-0
-0
-0
-0
-0
-0
-0
-0
-0
-0
-0
-0
-0
-0
-0
-0
-0
-0
-0
-0
-0
-0
-0
-0
-0
-0
-0
-0
-0
-0
-0
-0
-0
-0
-0
-0
-0
-0
-0
-0
-0
-0
-0
-0
-0
-0
-0
-0
-0
-0
-0
-0
-0
-0
-0
-0
-0
-0
-0
-0
-0
-0
-0
-0
-0
-0
-0
-0
-0
-0
-0
-0
-0
-0
-0
-0
-0
-0
-0
-0
-0
-0
-0
-0
-0
-0
-0
-0
-0
-0
-0
-0
-0
-0
-0
-0
-0
-0
-0
-0
-0
-0
-0
-0
-0
-0
-0
-0
-0
-0
-0
-0
-0
-0
-0
-0
-0
-0
-0
-0
-0
-0
-0
-0
-0
-0
-0
-0
-0
-0
-0
-0
-0
-0
-0
-0
-0
-0
-0
-0
-0
-0
-0
-0
-0
-0
-0
-0
-0
-0
-0
-0
-0
-0
-0
-0
-0
-0
-0
-0
-0
-0
-0
-0
-0
-0
-0
-0
-0
-0
-0
-0
-0
-0
-0
-0
-0
-0
-0
-0
-0
-0
-0
-0
-0
-0
-0
-0
-0
-0
-0
-0
-0
-0
-0
-0
-0
-0
-0
-0
-0
-0
-0
-0
-0
-0
-0
-0
-0
-0
-0
-0
-0
-0
-0
-0
-0
-0
-0
-0
-0
-0
-0
-0
-0
-0
-0
-0
-0
-0
-0
-0
-0
-0
-0
-0
-0
-0
-0
-0
-0
-0
-0
-0
-0
-0
-0
-0
-0
-0
-0
-0
-0
-0
-0
-0
-0
-0
-0
-0
-0
-0
-0
-0
-0
-0
-0
-0
-0
-0
-0
-0
-0
-0
-0
-0
-0
-0
-0
-0
-0
-0
-0
-0
-0
-0
-0
-0
-0
-0
-0
-0
-0
-0
-0
-0
-0
-0
-0
-0
-0
-0
-0
-0
-0
-0
-0
-0
-0
-0
-0
-0
-0
-0
-0
-0
-0
-0
-0
-0
-0
-0
-0
-0
-0
-0
-0
-0
-0
-0
-0
-0
-0
-0
-0
-0
-0
-0
-0
-0
-0
-0
-0
-0
-0
-0
-0
-0
-0
-0
-0
-0
-0
-0
-0
-0
-0
-0
-0
-0
-0
-0
-0
-0
-0
-0
-0
-0
-0
-0
-0
-0
-0
-0
-0
-0
-0
-0
-0
-0
-0
-0
-0
-0
-0
-0
-0
-0
-0
-0
-0
-0
-0
-0
-0
-0
-0
-0
-0
-0
-0
-0
-0
-0
-0
-0
-0
-0
-0
-0
-0
-0
-0
-0
-0
-0
-0
-0
-0
-0
-0
-0
-0
-0
-0
-0
-0
-0
-0
-0
-0
-0
-0
-0
-0
-0
-0
-0
-0
-0
-0
-0
-0
-0
-0
-0
-0
-0
-0
-0
-0
-0
-0
-0
-0
-0
-0
-0
-0
-0
-0
-0
-0
-0
-0
-0
-0
-0
-0
-0
-0
-0
-0
-0
-0
-0
-0
-0
-0
-0
-0
-0
-0
-0
-0
-0
-0
-0
-0
-0
-0
-0
-0
-0
-0
-0
-0
-0
-0
-0
-0
-0
-0
-0
-0
-0
-0
-0
-0
-0
-0
-0
-0
-0
-0
-0
-0
-0
-0
-0
-0
-0
-0
-0
-0
-0
-0
-0
-0
-0
-0
-0
-0
-0
-0
-0
-0
-0
-0
-0
-0
-0
-0
-0
-0
-0
-0
-0
-0
-0
-0
-0
-0
-0
-0
-0
-0
-0
-0
-0
-0
-0
-0
-0
-0
-0
-0
-0
-0
-0
-0
-0
-0
-0
-0
-0
-0
-0
-0
-0
-0
-0
-0
-0
-0
-0
-0
-0
-0
-0
-0
-0
-0
-0
-0
-0
-0
-0
-0
-0
-0
-0
-0
-0
-0
-0
-0
-0
-0
-0
-0
-0
-0
-0
-0
-0
-0
-0
-0
-0
-0
-0
-0
-0
-0
-0
-0
-0
-0
-0
-0
-0
-0
-0
-0
-0
-0
-0
-0
-0
-0
-0
-0
-0
-0
-0
-0
-0
-0
-0
-0
-0
-0
-0
-0
-0
-0
-0
-0
-0
-0
-0
-0
-0
-0
-0
-0
-0
-0
-0
-0
-0
-0
-0
-0
-0
-0
-0
-0
-0
-0
-0
-0
-0
-0
-0
-0
-0
-0
-0
-0
-0
-0
-0
-0
-0
-0
-0
-0
-0
-0
-0
-0
-0
-0
-0
-0
-0
-0
-0
-0
-0
-0
-0
-0
-0
-0
-0
-0
-0
-0
-0
-0
-0
-0
-0
-0
-0
-0
-0
-0
-0
-0
-0
-0
-0
-0
-0
-0
-0
-0
-0
-0
-0
-0
-0
-0
-0
-0
-0
-0
-0
-0
-0
-0
-0
-0
-0
-0
-0
-0
-0
-0
-0
-0
-0
-0
-0
-0
-0
-0
-0
-0
-0
-0
-0
-0
-0
-0
-0
-0
-0
-0
-0
-0
-0
-0
-0
-0
-0
-0
-0
-0
-0
-0
-0
-0
-0
-0
-0
-0
-0
-0
-0
-0
-0
-0
-0
-0
-0
-0
-0
-0
-0
-0
-0
-0
-0
-0
-0
-0
-0
-0
-0
-0
-0
-0
-0
-0
-0
-0
-0
-0
-0
-0
-0
-0
-0
-0
-0
-0
-0
-0
-0
-0
-0
-0
-0
-0
-0
-0
-0
-0
-0
-0
-0
-0
-0
-0
-0
-0
-0
-0
-0
-0
-0
-0
-0
-0
-0
-0
-0
-0
-0
-0
-0
-0
-0
-0
-0
-0
-0
-0
-0
-0
-0
-0
-0
-0
-0
-0
-0
-0
-0
-0
-0
-0
-0
-0
-0
-0
-0
-0
-0
-0
-0
-0
-0
-0
-0
-0
-0
-0
-0
-0
-0
-0
-0
-0
-0
-0
-0
-0
-0
-0
-0
-0
-0
-0
-0
-0
-0
-0
-0
-0
-0
-0
-0
-0
-0
-0
-0
-0
-0
-0
-0
-0
-0
-0
-0
-0
-0
-0
-0
-0
-0
-0
-0
-0
-0
-0
-0
-0
-0
-0
-0
-0
-0
-0
-0
-0
-0
-0
-0
-0
-0
-0
-0
-0
-0
-0
-0
-0
-0
-0
-0
-0
-0
-0
-0
-0
-0
-0
-0
-0
-0
-0
-0
-0
-0
-0
-0
-0
-0
-0
-0
-0
-0
-0
-0
-0
-0
-0
-0
-0
-0
-0
-0
-0
-0
-0
-0
-0
-0
-0
-0
-0
-0
-0
-0
-0
-0
-0
-0
-0
-0
-0
-0
-0
-0
-0
-0
-0
-0
-0
-0
-0
-0
-0
-0
-0
-0
-0
-0
-0
-0
-0
-0
-0
-0
-0
-0
-0
-0
-0
-0
-0
-0
-0
-0
-0
-0
-0
-0
-0
-0
-0
-0
-0
-0
-0
-0
-0
-0
-0
-0
-0
-0
-0
-0
-0
-0
-0
-0
-0
-0
-0
-0
-0
-0
-0
-0
-0
-0
-0
-0
-0
-0
-0
-0
-0
-0
-0
-0
-0
-0
-0
-0
-0
-0
-0
-0
-0
-0
-0
-0
-0
-0
-0
-0
-0
-0
-0
-0
-0
-0
-0
-0
-0
-0
-0
-0
-0
-0
-0
-0
-0
-0
-0
-0
-0
-0
-0
-0
-0
-0
-0
-0
-0
-0
-0
-0
-0
-0
-0
-0
-0
-0
-0
-0
-0
-0
-0
-0
-0
-0
-0
-0
-0
-0
-0
-0
-0
-0
-0
-0
-0
-0
-0
-0
-0
-0
-0
-0
-0
-0
-0
-0
-0
-0
-0
-0
-0
-0
-0
-0
-0
-0
-0
-0
-0
-0
-0
-0
-0
-0
-0
-0
-0
-0
-0
-0
-0
-0
-0
-0
-0
-0
-0
-0
-0
-0
-0
-0
-0
-0
-0
-0
-0
-0
-0
-0
-0
-0
-0
-0
-0
-0
-0
-0
-0
-0
-0
-0
-0
-0
-0
-0
-0
-0
-0
-0
-0
-0
-0
-0
-0
-0
-0
-0
-0
-0
-0
-0
-0
-0
-0
-0
-0
-0
-0
-0
-0
-0
-0
-0
-0
-0
-0
-0
-0
-0
-0
-0
-0
-0
-0
-0
-0
-0
-0
-0
-0
-0
-0
-0
-0
-0
-0
-0
-0
-0
-0
-0
-0
-0
-0
-0
-0
-0
-0
-0
-0
-0
-0
-0
-0
-0
-0
-0
-0
-0
-0
-0
-0
-0
-0
-0
-0
