0	0	0	0	49999.7	139.577
0.0004	0	0	0	49999.7	139.577
0.0008	0	0	0	49999.7	139.578
0.0012	0	0	0	49999.7	139.578
0.0016	0	0	0	49999.7	139.578
0.002	0	0	0	49999.7	139.578
0.0024	0	0	0	49999.7	139.578
0.0028	0	0	0	49999.7	139.578
0.0032	0	0	0	49999.8	139.578
0.0036	0	0	0	49999.8	139.578
0.004	0	0	0	49999.8	139.579
0.0044	0	0	0	49999.8	139.579
0.0048	0	0	0	49999.8	139.579
0.0052	0	0	0	49999.8	139.579
0.0056	0	0	0	49999.8	139.579
0.006	0	0	0	49999.8	139.579
0.0064	0	0	0	49999.8	139.579
0.0068	0	0	0	49999.8	139.579
0.0072	0	0	0	49999.9	139.579
0.0076	0	0	0	49999.9	139.58
0.008	0	0	0	49999.9	139.58
0.0084	0	0	0	49999.9	139.58
0.0088	0	0	0	49999.9	139.58
0.0092	0	0	0	49999.9	139.58
0.0096	0	0	0	49999.9	139.58
0.01	0	0	0	49999.9	139.58
0.0104	0	0	0	49999.9	139.58
0.0108	0	0	0	49999.9	139.58
0.0112	0	0	0	49999.9	139.58
0.0116	0	1	0	49999.9	139.58
0.012	0	0	0	49999.9	139.58
0.0124	0	0	0	49999.9	139.58
0.0128	0	0	0	49999.9	139.58
0.0132	0	0	0	49999.9	139.58
0.0136	0	0	0	49999.9	139.58
0.014	0	0	0	49999.9	139.58
0.0144	0	0	0	49999.9	139.58
0.0148	0	0	0	49999.9	139.58
0.0152	0	0	0	49999.9	139.58
0.0156	0	0	0	49999.9	139.58
0.016	0	0	0	49999.9	139.58
0.0164	0	0	0	49999.9	139.581
0.0168	0	0	0	49999.9	139.581
0.0172	0	0	0	49999.9	139.581
0.0176	0	0	0	49999.9	139.581
0.018	0	1	1	49999.9	139.581
0.0184	0	0	0	50000	139.581
0.0188	0	0	0	50000	139.581
0.0192	0	0	0	50000	139.581
0.0196	0	0	0	50000	139.581
0.02	0	0	0	50000	139.581
0.0204	0	0	0	50000	139.581
0.0208	0	0	0	50000	139.581
0.0212	0	0	0	50000	139.581
0.0216	0	0	0	50000	139.581
0.022	0	0	0	50000	139.581
0.0224	0	0	0	50000	139.581
0.0228	0	0	0	50000	139.581
0.0232	0	0	0	50000	139.581
0.0236	0	0	0	50000	139.581
0.024	0	0	0	50000	139.581
0.0244	0	0	0	50000	139.581
0.0248	0	0	0	50000	139.581
0.0252	0	0	0	50000	139.581
0.0256	0	1	0	50000	139.581
0.026	0	0	0	50000	139.581
0.0264	0	0	0	50000	139.581
0.0268	0	0	0	50000	139.581
0.0272	0	0	0	50000	139.581
0.0276	0	0	0	50000	139.581
0.028	0	0	0	50000	139.581
0.0284	0	0	0	50000	139.581
0.0288	0	0	0	50000	139.581
0.0292	0	0	0	50000	139.581
0.0296	0	0	0	50000	139.581
0.03	0	0	0	50000	139.581
0.0304	0	0	0	50000	139.581
0.0308	0	0	0	50000	139.581
0.0312	0	0	0	50000	139.581
0.0316	0	0	0	50000	139.581
0.032	0	0	0	50000	139.581
0.0324	0	0	0	50000	139.581
0.0328	0	0	0	50000	139.581
0.0332	0	0	0	50000	139.581
0.0336	0	0	0	50000	139.581
0.034	0	0	0	50000	139.581
0.0344	0	1	0	50000	139.581
0.0348	0	0	0	50000	139.581
0.0352	0	0	0	50000	139.581
0.0356	0	0	0	50000	139.581
0.036	0	1	0	50000	139.581
0.0364	0	0	0	50000	139.581
0.0368	0	0	0	50000	139.581
0.0372	0	0	0	50000	139.581
0.0376	0	0	1	50000	139.581
0.038	0	0	0	50000	139.581
0.0384	0	0	0	50000	139.581
0.0388	0	0	0	50000	139.581
0.0392	0	0	0	50000	139.581
0.0396	0	0	0	50000	139.581
0.04	0	0	0	50000	139.581
0.0404	0	0	0	50000	139.581
0.0408	0	0	0	50000	139.581
0.0412	0	0	0	50000	139.581
0.0416	0	0	0	50000	139.581
0.042	0	0	0	50000	139.581
0.0424	0	2	0	50000	139.581
0.0428	0	0	0	50000	139.581
0.0432	0	0	0	50000	139.581
0.0436	0	0	0	50000	139.581
0.044	0	0	0	50000	139.581
0.0444	0	0	0	50000	139.581
0.0448	0	0	0	50000	139.581
0.0452	0	0	0	50000	139.581
0.0456	0	0	0	50000	139.581
0.046	0	0	0	50000	139.581
0.0464	0	0	0	50000	139.581
0.0468	0	0	0	50000	139.581
0.0472	0	0	0	50000	139.581
0.0476	0	0	0	50000	139.581
0.048	0	0	0	50000	139.581
0.0484	0	1	0	50000	139.581
0.0488	0	3	0	50000	139.581
0.0492	0	0	0	50000	139.581
0.0496	0	1	0	50000	139.581
0.05	0	0	0	50000	139.581
0.0504	0	0	0	50000	139.581
0.0508	0	0	0	50000	139.581
0.0512	0	0	0	50000	139.581
0.0516	0	1	0	50000	139.581
0.052	0	2	0	50000	139.581
0.0524	0	1	1	50000	139.581
0.0528	0	0	0	50000	139.581
0.0532	0	1	0	50000	139.581
0.0536	0	0	0	50000	139.581
0.054	0	0	0	50000	139.581
0.0544	0	1	0	50000	139.581
0.0548	0	0	0	50000	139.581
0.0552	0	0	0	50000	139.581
0.0556	0	0	0	50000	139.581
0.056	0	0	0	50000	139.581
0.0564	0	0	0	50000	139.581
0.0568	0	0	0	50000	139.581
0.0572	0	0	0	50000	139.581
0.0576	0	0	0	50000	139.581
0.058	0	1	0	50000	139.581
0.0584	0	0	0	50000	139.581
0.0588	0	0	0	50000	139.581
0.0592	0	0	0	50000	139.581
0.0596	4	1	0	50000	139.581
0.06	2	0	0	50000	139.581
0.0604	2	0	0	50000	139.581
0.0608	0	0	0	50000	139.581
0.0612	1	0	0	50000	139.581
0.0616	2	0	0	50000	139.581
0.062	2	0	0	50000	139.581
0.0624	0	0	0	50000	139.581
0.0628	0	0	0	50000	139.581
0.0632	1	0	0	50000	139.581
0.0636	3	0	0	50000	139.581
0.064	1	0	0	50000	139.581
0.0644	0	0	0	50000	139.581
0.0648	0	0	0	50000	139.581
0.0652	0	0	0	50000	139.581
0.0656	0	0	0	50000	139.581
0.066	0	0	0	50000	139.581
0.0664	0	0	0	50000	139.581
0.0668	0	0	0	50000	139.581
0.0672	0	0	0	50000	139.581
0.0676	0	0	0	50000	139.581
0.068	0	0	0	50000	139.581
0.0684	0	0	0	50000	139.581
0.0688	0	0	0	50000	139.581
0.0692	0	0	0	50000	139.581
0.0696	0	0	0	50000	139.581
0.07	0	0	0	50000	139.581
0.0704	0	0	0	50000	139.581
0.0708	0	0	0	50000	139.581
0.0712	0	0	0	50000	139.581
0.0716	0	0	0	50000	139.581
0.072	0	0	0	50000	139.581
0.0724	0	0	0	50000	139.581
0.0728	0	0	0	50000	139.581
0.0732	0	0	0	50000	139.581
0.0736	0	0	0	50000	139.581
0.074	0	0	0	50000	139.581
0.0744	0	0	0	50000	139.581
0.0748	0	0	0	50000	139.581
0.0752	0	0	0	50000	139.581
0.0756	0	0	0	50000	139.581
0.076	0	0	0	50000	139.581
0.0764	0	0	0	50000	139.581
0.0768	0	0	0	50000	139.581
0.0772	0	0	0	50000	139.581
0.0776	0	0	0	50000	139.581
0.078	0	0	0	50000	139.581
0.0784	0	0	0	50000	139.581
0.0788	0	0	0	50000	139.581
0.0792	0	0	0	50000	139.581
0.0796	0	0	0	50000	139.581
0.08	0	0	0	50000	139.581
0.0804	0	0	0	50000	139.581
0.0808	0	0	0	50000	139.581
0.0812	0	0	0	50000	139.581
0.0816	0	0	0	50000	139.581
0.082	0	0	0	50000	139.581
0.0824	0	0	0	50000	139.581
0.0828	0	0	0	50000	139.581
0.0832	0	0	0	50000	139.581
0.0836	0	0	0	50000	139.581
0.084	0	0	0	50000	139.581
0.0844	0	0	0	50000	139.581
0.0848	0	0	0	50000	139.581
0.0852	0	0	0	50000	139.581
0.0856	0	0	0	50000	139.581
0.086	0	0	0	50000	139.581
0.0864	0	0	0	50000	139.581
0.0868	0	0	0	50000	139.581
0.0872	0	0	0	50000	139.581
0.0876	0	0	0	50000	139.581
0.088	0	0	0	50000	139.581
0.0884	0	0	0	50000	139.581
0.0888	0	0	0	50000	139.581
0.0892	0	0	0	50000	139.581
0.0896	0	0	0	50000	139.581
0.09	0	0	0	50000	139.581
0.0904	0	0	0	50000	139.581
0.0908	0	0	0	50000	139.581
0.0912	0	0	0	50000	139.581
0.0916	0	0	0	50000	139.581
0.092	0	0	0	50000	139.581
0.0924	0	0	0	50000	139.581
0.0928	0	0	0	50000	139.581
0.0932	0	0	0	50000	139.581
0.0936	0	0	0	50000	139.581
0.094	0	0	0	50000	139.581
0.0944	0	0	0	50000	139.581
0.0948	0	0	0	50000	139.581
0.0952	0	0	0	50000	139.581
0.0956	0	0	0	50000	139.581
0.096	0	0	0	50000	139.581
0.0964	0	0	0	50000	139.581
0.0968	0	0	0	50000	139.581
0.0972	0	0	0	50000	139.581
0.0976	0	0	0	50000	139.581
0.098	0	0	0	50000	139.581
0.0984	0	0	0	50000	139.581
0.0988	0	0	0	50000	139.581
0.0992	0	0	0	50000	139.581
0.0996	0	0	0	50000	139.581
0.1	0	0	0	50000	139.581
0.1004	0	0	0	50000	139.581
0.1008	0	0	0	50000	139.581
0.1012	0	0	0	50000	139.581
0.1016	0	0	0	50000	139.581
0.102	0	0	0	50000	139.581
0.1024	0	0	0	50000	139.581
0.1028	0	0	0	50000	139.581
0.1032	0	0	0	50000	139.581
0.1036	0	0	0	50000	139.581
0.104	0	0	0	50000	139.581
0.1044	0	0	0	49999.9	139.581
0.1048	0	0	0	49999.9	139.581
0.1052	0	0	0	49999.9	139.58
0.1056	0	0	0	49999.9	139.58
0.106	0	0	0	49999.9	139.58
0.1064	0	0	0	49999.9	139.58
0.1068	0	0	0	49999.9	139.58
0.1072	0	0	0	49999.9	139.58
0.1076	0	0	0	49999.9	139.58
0.108	0	0	0	49999.9	139.58
0.1084	0	0	0	49999.9	139.58
0.1088	0	0	0	49999.9	139.58
0.1092	0	0	0	49999.9	139.58
0.1096	0	0	0	49999.9	139.58
0.11	0	0	0	49999.9	139.58
0.1104	0	0	0	49999.9	139.58
0.1108	0	0	0	49999.9	139.58
0.1112	0	0	0	49999.9	139.58
0.1116	0	0	0	49999.9	139.58
0.112	0	0	0	49999.9	139.58
0.1124	0	0	0	49999.9	139.58
0.1128	0	0	0	49999.9	139.58
0.1132	0	0	0	49999.9	139.58
0.1136	0	0	0	49999.9	139.58
0.114	0	0	0	49999.9	139.579
0.1144	0	0	0	49999.9	139.579
0.1148	0	0	0	49999.8	139.579
0.1152	0	0	0	49999.8	139.579
0.1156	0	0	0	49999.8	139.579
0.116	0	0	0	49999.8	139.579
0.1164	0	0	0	49999.8	139.579
0.1168	0	0	0	49999.8	139.579
0.1172	0	0	0	49999.8	139.579
0.1176	0	0	0	49999.8	139.579
0.118	0	0	0	49999.8	139.579
0.1184	0	0	0	49999.8	139.579
0.1188	0	0	0	49999.8	139.579
0.1192	0	0	0	49999.8	139.579
0.1196	0	0	0	49999.8	139.579
0.12	0	0	0	49999.8	139.579
0.1204	0	0	0	49999.8	139.578
0.1208	0	0	0	49999.8	139.578
0.1212	0	0	0	49999.8	139.578
0.1216	0	0	0	49999.7	139.578
0.122	0	0	0	49999.7	139.578
0.1224	0	0	0	49999.7	139.578
0.1228	0	0	0	49999.7	139.578
0.1232	0	0	0	49999.7	139.578
0.1236	0	0	0	49999.7	139.578
0.124	0	0	0	49999.7	139.577
0.1244	0	0	0	49999.7	139.577
0.1248	0	0	0	49999.7	139.577
0.1252	0	0	0	49999.6	139.577
0.1256	0	0	0	49999.6	139.577
0.126	0	0	0	49999.6	139.576
0.1264	0	0	0	49999.6	139.576
0.1268	0	0	0	49999.6	139.576
0.1272	0	0	0	49999.5	139.576
0.1276	0	0	0	49999.5	139.576
0.128	0	0	0	49999.5	139.575
0.1284	0	0	0	49999.5	139.575
0.1288	0	0	0	49999.4	139.574
0.1292	0	0	0	49999.4	139.574
0.1296	0	0	0	49999.4	139.574
0.13	0	0	0	49999.3	139.573
0.1304	0	0	0	49999.3	139.573
0.1308	0	0	0	49999.3	139.572
0.1312	0	0	0	49999.2	139.572
0.1316	0	0	0	49999.2	139.571
0.132	0	0	0	49999.1	139.57
0.1324	0	0	0	49999	139.569
0.1328	0	0	0	49998.9	139.568
0.1332	0	0	0	49998.9	139.567
0.1336	0	0	0	49998.8	139.566
0.134	0	0	0	49998.7	139.565
0.1344	0	0	0	49998.6	139.564
0.1348	0	0	0	49998.5	139.563
0.1352	0	0	0	49998.4	139.562
0.1356	0	0	0	49998.3	139.561
0.136	0	0	0	49998.1	139.558
0.1364	0	0	0	49997.8	139.555
0.1368	0	0	0	49997.5	139.552
0.1372	0	0	0	49997.3	139.549
0.1376	0	0	0	49997	139.545
0.138	0	0	0	49996.7	139.542
0.1384	0	0	0	49996.5	139.539
0.1388	0	0	0	49996.2	139.536
0.1392	0	0	0	49995.9	139.532
0.1396	0	0	0	49995.6	139.529
0.14	0	0	0	49995.7	139.529
0.1404	0	0	0	49995.7	139.53
0.1408	0	0	0	49995.7	139.53
0.1412	0	0	0	49995.7	139.53
0.1416	0	0	0	49995.7	139.53
0.142	0	0	0	49995.8	139.531
0.1424	0	0	0	49995.8	139.531
0.1428	0	0	0	49995.8	139.531
0.1432	0	0	0	49995.8	139.531
0.1436	0	0	0	49995.8	139.531
0.144	0	0	0	49996.7	139.542
0.1444	0	0	0	49997.6	139.553
0.1448	0	0	0	49998.5	139.564
0.1452	0	0	0	49999.4	139.574
0.1456	0	0	0	50000.3	139.585
0.146	0	0	0	50001.2	139.596
0.1464	0	0	0	50002.1	139.607
0.1468	0	0	0	50003	139.618
0.1472	0	0	0	50003.9	139.628
0.1476	0	0	0	50004.8	139.639
0.148	0	0	0	50005.3	139.644
0.1484	0	0	0	50005.8	139.65
0.1488	0	0	0	50006.2	139.655
0.1492	0	0	0	50006.7	139.661
0.1496	0	0	0	50007.1	139.666
0.15	0	0	0	50007.6	139.672
0.1504	0	0	0	50008	139.677
0.1508	0	0	0	50008.5	139.682
0.1512	0	0	0	50008.9	139.688
0.1516	0	0	0	50009.4	139.693
0.152	0	0	0	50008.8	139.687
0.1524	0	0	0	50008.3	139.68
0.1528	0	0	0	50007.7	139.673
0.1532	0	0	0	50007.2	139.667
0.1536	0	0	0	50006.6	139.66
0.154	0	0	0	50006.1	139.654
0.1544	0	0	0	50005.5	139.647
0.1548	0	0	0	50005	139.64
0.1552	0	0	0	50004.4	139.634
0.1556	0	0	0	50003.9	139.627
0.156	0	0	0	50003.4	139.622
0.1564	0	0	0	50002.9	139.616
0.1568	0	0	0	50002.5	139.611
0.1572	0	0	0	50002	139.606
0.1576	0	0	0	50001.6	139.6
0.158	0	0	0	50001.1	139.595
0.1584	0	0	0	50000.7	139.589
0.1588	0	0	0	50000.2	139.584
0.1592	0	0	0	49999.8	139.579
0.1596	0	0	0	49999.3	139.573
0.16	0	0	0	49999.2	139.572
0.1604	0	0	0	49999.1	139.571
0.1608	0	0	0	49999	139.57
0.1612	0	0	0	49999	139.569
0.1616	0	0	0	49998.9	139.568
0.162	0	0	0	49998.8	139.566
0.1624	0	0	0	49998.7	139.565
0.1628	0	0	0	49998.6	139.564
0.1632	0	0	0	49998.5	139.563
0.1636	0	0	0	49998.4	139.562
0.164	0	0	0	49998.5	139.563
0.1644	0	0	0	49998.6	139.564
0.1648	0	0	0	49998.7	139.565
0.1652	0	0	0	49998.8	139.566
0.1656	0	0	0	49998.9	139.567
0.166	0	0	0	49998.9	139.569
0.1664	0	0	0	49999	139.57
0.1668	0	0	0	49999.1	139.571
0.1672	0	0	0	49999.2	139.572
0.1676	0	0	0	49999.3	139.573
0.168	0	0	0	49999.3	139.573
0.1684	0	0	0	49999.3	139.573
0.1688	0	0	0	49999.4	139.574
0.1692	0	0	0	49999.4	139.574
0.1696	0	0	0	49999.4	139.574
0.17	0	0	0	49999.4	139.574
0.1704	0	0	0	49999.5	139.575
0.1708	0	0	0	49999.5	139.575
0.1712	0	0	0	49999.5	139.575
0.1716	0	0	0	49999.5	139.576
0.172	0	0	0	49999.5	139.576
0.1724	0	0	0	49999.5	139.576
0.1728	0	0	0	49999.6	139.576
0.1732	0	0	0	49999.6	139.576
0.1736	0	0	0	49999.6	139.576
0.174	0	0	0	49999.6	139.576
0.1744	0	0	0	49999.6	139.577
0.1748	0	0	0	49999.6	139.577
0.1752	0	0	0	49999.6	139.577
0.1756	0	0	0	49999.6	139.577
0.176	0	0	0	49999.7	139.577
0.1764	0	0	0	49999.7	139.578
0.1768	0	0	0	49999.8	139.578
0.1772	0	0	0	49999.8	139.579
0.1776	0	0	0	49999.8	139.579
0.178	0	0	0	49999.9	139.58
0.1784	0	0	0	49999.9	139.58
0.1788	0	0	0	49999.9	139.58
0.1792	0	0	0	50000	139.581
0.1796	0	0	0	50000	139.581
0.18	0	0	0	50000	139.581
0.1804	0	0	0	50000	139.581
0.1808	0	0	0	50000	139.581
0.1812	0	0	0	49999.9	139.581
0.1816	0	0	0	49999.9	139.58
0.182	0	0	0	49999.9	139.58
0.1824	0	0	0	49999.9	139.58
0.1828	0	0	0	49999.9	139.58
0.1832	0	0	0	49999.9	139.58
0.1836	0	0	0	49999.8	139.579
0.184	0	0	0	49999.9	139.58
0.1844	0	0	0	49999.9	139.58
0.1848	0	0	0	49999.9	139.58
0.1852	0	0	0	49999.9	139.58
0.1856	0	0	0	49999.9	139.58
0.186	0	0	0	49999.9	139.581
0.1864	0	0	0	50000	139.581
0.1868	0	0	0	50000	139.581
0.1872	0	0	0	50000	139.581
0.1876	0	0	0	50000	139.581
0.188	0	0	0	50000.1	139.582
0.1884	0	0	0	50000.1	139.583
0.1888	0	0	0	50000.2	139.583
0.1892	0	0	0	50000.2	139.584
0.1896	0	0	0	50000.3	139.585
0.19	0	0	0	50000.4	139.586
0.1904	0	0	0	50000.4	139.586
0.1908	0	0	0	50000.5	139.587
0.1912	0	0	0	50000.5	139.588
0.1916	0	0	0	50000.6	139.588
0.192	0	0	0	50000.5	139.588
0.1924	0	0	0	50000.5	139.587
0.1928	0	0	0	50000.4	139.586
0.1932	0	0	0	50000.4	139.586
0.1936	0	0	0	50000.3	139.585
0.194	0	0	0	50000.2	139.584
0.1944	0	0	0	50000.2	139.583
0.1948	0	0	0	50000.1	139.583
0.1952	0	0	0	50000.1	139.582
0.1956	0	0	0	50000	139.581
0.196	0	0	0	50000	139.581
0.1964	0	0	0	50000	139.581
0.1968	0	0	0	50000	139.581
0.1972	0	0	0	50000	139.581
0.1976	0	0	0	50000	139.581
0.198	0	0	0	50000	139.581
0.1984	0	0	0	50000	139.581
0.1988	0	0	0	50000	139.581
0.1992	0	0	0	50000	139.581
0.1996	0	0	0	50000	139.581
