-1
-1
-1
-1
-1
-1
-1
-1
-1
-1
-1
-1
298
310
-1
-1
-1
-1
319
300
-1
-1
-1
-1
-1
-1
290
267
-1
293
-1
290
-1
-1
-1
-1
300
307
-1
274
-1
-1
323
270
-1
-1
-1
-1
274
-1
-1
-1
-1
283
-1
-1
-1
-1
-1
279
-1
-1
-1
285
-1
-1
-1
299
-1
304
-1
294
-1
-1
266
-1
283
-1
-1
280
298
-1
-1
-1
300
298
299
-1
-1
-1
-1
-1
-1
268
287
-1
304
-1
287
306
317
256
316
-1
313
-1
291
-1
-1
297
308
289
306
264
326
-1
-1
-1
308
-1
307
-1
228
-1
-1
-1
-1
325
276
-1
-1
-1
-1
-1
275
-1
291
-1
326
-1
317
-1
-1
290
293
-1
296
-1
319
302
-1
-1
309
-1
299
310
-1
303
-1
280
-1
-1
-1
-1
-1
-1
-1
301
301
-1
-1
-1
286
-1
290
-1
277
-1
299
290
257
300
255
-1
-1
286
-1
303
-1
-1
297
294
-1
278
-1
-1
271
-1
305
-1
-1
307
311
-1
290
-1
-1
-1
-1
-1
-1
-1
-1
-1
285
-1
285
-1
-1
-1
-1
-1
289
278
-1
-1
-1
305
303
-1
-1
292
299
279
300
242
-1
-1
300
317
297
296
306
-1
-1
-1
-1
-1
-1
308
300
-1
311
-1
-1
-1
-1
311
316
-1
-1
322
308
-1
-1
-1
-1
298
303
-1
290
-1
-1
-1
315
-1
-1
-1
313
-1
-1
-1
-1
-1
-1
-1
-1
279
310
-1
308
305
-1
311
325
-1
-1
313
-1
-1
302
-1
309
274
-1
285
311
293
299
-1
-1
291
316
-1
-1
-1
-1
-1
299
319
281
307
332
302
280
-1
-1
303
295
289
-1
288
-1
-1
289
-1
265
-1
301
-1
-1
-1
307
-1
288
-1
-1
-1
-1
-1
317
-1
321
-1
-1
-1
-1
-1
272
-1
-1
-1
-1
219
297
304
-1
-1
287
-1
-1
-1
-1
307
300
-1
-1
288
-1
304
-1
-1
311
288
-1
-1
-1
-1
302
-1
302
297
313
310
322
287
-1
-1
-1
-1
289
-1
280
-1
-1
292
-1
308
-1
-1
-1
327
282
-1
-1
318
297
-1
-1
314
302
281
-1
304
-1
-1
288
275
-1
-1
275
286
-1
-1
314
-1
-1
302
-1
305
-1
320
-1
-1
-1
331
-1
273
270
285
300
314
-1
292
-1
-1
310
-1
-1
-1
293
-1
289
-1
-1
-1
-1
-1
-1
-1
-1
-1
301
-1
294
-1
-1
-1
317
-1
313
353
-1
-1
302
289
-1
208
-1
-1
-1
303
-1
-1
-1
-1
-1
305
302
-1
-1
-1
287
292
-1
-1
-1
-1
-1
-1
-1
-1
276
-1
-1
-1
305
255
295
-1
284
304
291
296
-1
299
321
-1
-1
-1
262
-1
314
-1
286
314
299
-1
-1
-1
293
-1
-1
-1
-1
-1
-1
310
298
-1
-1
-1
-1
-1
285
-1
307
-1
318
-1
341
288
278
-1
-1
-1
318
-1
277
311
-1
-1
-1
-1
-1
-1
315
-1
-1
-1
-1
297
-1
-1
-1
291
-1
-1
306
300
310
319
-1
-1
266
291
-1
-1
312
-1
-1
-1
-1
-1
-1
-1
-1
-1
-1
316
222
316
316
-1
-1
290
-1
-1
-1
-1
306
-1
-1
-1
-1
-1
292
-1
-1
-1
321
-1
286
-1
-1
-1
293
-1
-1
-1
-1
-1
-1
-1
-1
-1
312
307
297
-1
-1
-1
-1
305
-1
306
287
-1
312
-1
307
-1
299
-1
316
305
-1
-1
320
-1
275
-1
299
306
301
-1
326
-1
289
-1
295
288
302
-1
-1
-1
-1
-1
300
-1
-1
-1
-1
297
-1
292
-1
-1
-1
-1
-1
-1
289
307
260
-1
-1
317
299
-1
-1
-1
311
-1
-1
-1
-1
-1
294
-1
-1
-1
-1
-1
325
306
-1
-1
296
292
302
297
-1
286
-1
-1
-1
-1
332
-1
-1
-1
282
-1
-1
306
-1
-1
272
-1
-1
274
289
-1
-1
-1
-1
304
322
-1
-1
-1
257
-1
-1
-1
308
-1
266
-1
296
271
-1
306
-1
304
-1
306
-1
266
-1
-1
310
-1
293
-1
-1
-1
275
-1
-1
-1
-1
-1
258
-1
313
293
-1
-1
-1
-1
-1
-1
-1
286
-1
-1
-1
312
320
-1
289
302
-1
-1
-1
-1
302
296
-1
-1
301
-1
275
-1
323
-1
-1
-1
315
-1
-1
298
-1
-1
-1
-1
322
304
-1
-1
-1
-1
-1
294
-1
318
-1
306
-1
-1
-1
-1
-1
273
305
290
-1
293
291
-1
-1
-1
-1
-1
-1
301
291
-1
-1
305
-1
276
299
-1
300
-1
-1
301
-1
-1
314
-1
311
-1
-1
-1
-1
-1
303
302
-1
-1
337
306
-1
305
315
-1
281
-1
-1
301
310
-1
305
303
-1
-1
258
-1
306
330
-1
321
316
-1
292
-1
308
-1
300
-1
315
-1
-1
-1
-1
270
-1
-1
-1
331
305
-1
310
320
-1
298
299
302
309
-1
-1
-1
-1
-1
-1
287
-1
-1
-1
288
289
-1
-1
-1
-1
-1
-1
-1
296
299
-1
287
296
-1
291
305
-1
-1
-1
289
-1
304
321
306
-1
312
-1
306
-1
-1
-1
-1
-1
303
312
-1
-1
-1
249
306
-1
304
-1
-1
312
289
263
-1
309
-1
-1
-1
-1
-1
-1
-1
314
-1
-1
-1
289
-1
320
-1
-1
-1
307
-1
-1
290
-1
286
-1
-1
-1
-1
-1
298
309
-1
-1
-1
326
285
-1
284
-1
290
-1
-1
-1
311
283
298
-1
289
299
283
291
-1
-1
298
-1
-1
-1
-1
-1
-1
274
-1
-1
-1
-1
298
310
-1
271
-1
307
-1
234
-1
273
-1
-1
291
-1
316
335
-1
-1
-1
278
276
306
282
318
315
-1
-1
298
-1
-1
-1
-1
-1
315
-1
-1
296
-1
-1
-1
338
-1
-1
314
277
-1
298
-1
-1
324
-1
-1
279
-1
-1
-1
-1
278
236
-1
-1
-1
289
286
316
-1
-1
-1
-1
-1
-1
320
301
-1
-1
271
297
-1
-1
-1
-1
-1
324
295
275
290
-1
-1
-1
-1
-1
-1
-1
-1
289
291
290
-1
-1
-1
-1
280
-1
315
303
-1
-1
-1
276
282
-1
-1
-1
-1
304
-1
277
-1
-1
-1
315
296
297
-1
271
-1
313
234
-1
308
225
307
-1
306
308
282
-1
310
277
300
-1
-1
-1
295
-1
310
-1
-1
-1
-1
-1
305
323
272
298
294
304
-1
286
281
-1
-1
-1
288
-1
-1
-1
-1
-1
318
281
-1
306
290
-1
-1
296
-1
-1
275
-1
-1
-1
-1
-1
270
288
-1
-1
-1
303
-1
269
-1
307
-1
-1
-1
294
305
-1
291
-1
-1
305
-1
313
289
254
-1
-1
-1
-1
-1
311
320
-1
-1
-1
283
319
-1
301
-1
-1
-1
-1
-1
-1
261
-1
-1
263
315
292
-1
-1
-1
-1
284
-1
323
-1
273
-1
292
265
-1
299
323
-1
-1
304
-1
-1
-1
-1
-1
317
290
-1
-1
-1
-1
323
271
-1
-1
312
271
-1
267
-1
301
295
-1
280
341
-1
322
-1
-1
309
-1
-1
272
-1
288
316
322
-1
-1
-1
-1
-1
-1
-1
-1
-1
-1
-1
-1
308
-1
-1
-1
313
-1
286
-1
-1
310
334
-1
331
283
-1
-1
-1
298
-1
-1
-1
307
283
-1
279
-1
266
309
-1
291
-1
273
282
278
-1
314
-1
288
290
-1
-1
293
321
325
-1
269
291
-1
-1
-1
311
-1
-1
-1
284
-1
278
-1
288
-1
-1
-1
292
295
-1
304
-1
302
-1
-1
325
292
293
-1
-1
-1
-1
286
-1
-1
-1
-1
-1
-1
329
295
298
270
-1
-1
-1
290
-1
-1
257
-1
-1
322
-1
-1
297
-1
-1
-1
-1
-1
-1
290
-1
265
260
309
-1
-1
321
333
-1
-1
-1
-1
257
-1
-1
280
318
-1
311
294
240
292
-1
-1
-1
303
-1
294
-1
-1
-1
-1
-1
300
-1
-1
313
-1
307
-1
317
308
308
338
-1
291
-1
330
-1
-1
-1
-1
337
-1
301
-1
-1
-1
-1
-1
-1
-1
-1
-1
315
321
-1
-1
310
-1
-1
333
298
-1
302
-1
-1
299
264
-1
311
286
-1
288
316
313
295
289
335
-1
315
-1
-1
-1
312
-1
-1
-1
294
-1
287
-1
315
-1
-1
-1
-1
263
-1
-1
-1
-1
-1
-1
-1
-1
-1
-1
291
317
-1
-1
-1
-1
313
-1
299
-1
-1
290
-1
-1
289
-1
-1
272
-1
336
-1
-1
-1
-1
-1
-1
280
-1
306
-1
291
-1
-1
-1
-1
299
-1
-1
-1
316
311
-1
292
-1
313
-1
-1
321
-1
-1
-1
283
-1
-1
291
291
-1
-1
296
-1
250
-1
-1
305
259
282
-1
312
303
321
-1
-1
-1
-1
-1
310
-1
-1
-1
-1
274
-1
-1
-1
-1
311
270
-1
-1
322
-1
-1
289
292
313
-1
304
317
273
307
-1
288
-1
-1
281
-1
-1
291
-1
-1
289
266
289
308
-1
249
303
-1
-1
294
295
-1
-1
-1
-1
-1
317
-1
280
261
-1
-1
308
301
-1
285
-1
-1
-1
-1
-1
-1
294
325
-1
293
-1
272
280
-1
-1
-1
294
-1
261
-1
-1
-1
322
-1
-1
280
-1
-1
-1
-1
-1
-1
-1
278
289
-1
292
-1
282
291
-1
-1
-1
262
-1
292
324
-1
-1
277
-1
-1
-1
-1
315
274
-1
-1
-1
-1
-1
-1
-1
307
326
-1
-1
313
-1
324
-1
-1
-1
301
248
-1
-1
327
-1
284
329
-1
297
-1
-1
-1
-1
-1
-1
-1
-1
287
267
280
306
326
-1
-1
-1
302
267
-1
-1
308
-1
-1
-1
-1
300
-1
297
279
287
-1
-1
-1
-1
-1
307
-1
-1
299
-1
-1
-1
-1
305
-1
-1
293
-1
-1
-1
-1
-1
322
300
-1
304
-1
-1
-1
-1
293
-1
276
-1
-1
-1
-1
317
311
-1
-1
-1
-1
316
-1
-1
294
314
-1
-1
276
292
-1
-1
-1
-1
-1
-1
-1
283
-1
-1
-1
-1
-1
298
-1
-1
-1
-1
-1
275
320
-1
-1
-1
-1
-1
-1
289
-1
305
257
270
-1
-1
-1
314
301
-1
290
-1
-1
-1
303
-1
295
-1
-1
-1
-1
-1
298
-1
-1
292
-1
312
279
-1
-1
317
-1
-1
-1
280
294
-1
255
-1
303
-1
246
-1
-1
-1
-1
-1
-1
-1
293
307
-1
-1
287
323
-1
-1
318
-1
302
288
320
-1
294
256
-1
-1
289
-1
-1
302
289
313
290
320
328
-1
276
316
294
-1
293
266
-1
281
-1
-1
-1
-1
-1
-1
-1
-1
-1
290
-1
-1
-1
-1
269
-1
-1
277
-1
-1
-1
-1
-1
-1
298
-1
313
-1
310
324
305
287
304
287
290
284
-1
-1
287
-1
-1
291
290
274
-1
-1
-1
-1
-1
-1
295
-1
290
321
302
306
311
-1
-1
274
-1
-1
319
286
-1
-1
302
310
-1
280
-1
-1
-1
289
-1
-1
-1
283
303
-1
-1
292
295
-1
-1
265
-1
-1
288
-1
-1
-1
282
234
-1
-1
294
327
287
-1
-1
-1
-1
-1
263
-1
295
276
279
-1
-1
297
-1
-1
-1
-1
290
265
-1
-1
-1
-1
-1
-1
265
-1
-1
-1
-1
321
-1
282
294
-1
-1
-1
267
-1
-1
-1
293
-1
-1
-1
304
-1
-1
328
322
-1
-1
-1
266
-1
289
-1
-1
-1
-1
294
316
263
308
317
-1
275
303
283
-1
-1
-1
-1
-1
-1
311
258
-1
-1
-1
303
-1
-1
277
-1
-1
309
289
-1
-1
-1
323
-1
290
296
293
-1
-1
299
306
322
287
-1
-1
-1
-1
-1
-1
-1
310
-1
306
-1
289
-1
-1
-1
-1
295
-1
-1
306
288
267
-1
324
318
-1
-1
-1
-1
293
-1
-1
-1
328
280
-1
-1
284
289
-1
-1
-1
301
313
-1
301
-1
277
299
299
-1
-1
-1
-1
-1
307
308
311
-1
273
-1
-1
228
-1
305
293
-1
-1
302
321
-1
-1
320
301
-1
293
-1
-1
-1
-1
-1
312
-1
-1
-1
-1
-1
-1
-1
319
281
-1
-1
289
-1
-1
283
241
-1
-1
-1
-1
-1
-1
276
302
327
-1
-1
285
-1
-1
-1
-1
-1
-1
-1
-1
306
-1
296
-1
-1
246
-1
-1
312
-1
-1
-1
-1
-1
324
-1
-1
-1
-1
-1
-1
300
-1
-1
313
310
301
-1
-1
-1
-1
257
-1
-1
-1
-1
287
-1
299
-1
283
-1
-1
-1
308
-1
288
271
294
-1
-1
-1
-1
-1
-1
-1
-1
-1
308
-1
-1
288
296
-1
307
-1
-1
296
-1
289
-1
-1
-1
-1
324
-1
270
-1
299
287
303
280
-1
-1
281
-1
-1
-1
-1
316
-1
-1
-1
311
-1
-1
-1
280
-1
-1
-1
305
304
290
-1
290
-1
-1
307
-1
313
-1
297
-1
309
-1
293
-1
333
-1
316
-1
-1
-1
-1
304
276
310
-1
286
268
-1
-1
-1
-1
-1
286
294
-1
-1
-1
-1
265
285
309
296
-1
-1
-1
-1
-1
309
-1
-1
301
-1
289
-1
308
294
291
-1
280
-1
-1
-1
291
275
-1
-1
-1
318
-1
-1
296
323
-1
282
-1
-1
-1
-1
-1
-1
278
313
-1
322
-1
305
-1
314
-1
-1
-1
-1
262
-1
-1
-1
-1
262
-1
-1
-1
-1
-1
272
-1
254
302
-1
-1
-1
-1
-1
-1
-1
-1
-1
285
-1
-1
-1
-1
296
289
-1
-1
-1
280
-1
-1
-1
-1
-1
-1
298
297
313
-1
256
286
-1
294
306
-1
296
301
285
-1
-1
-1
-1
312
315
-1
-1
300
-1
-1
277
251
-1
-1
-1
-1
-1
-1
-1
309
-1
277
-1
-1
-1
-1
290
302
296
-1
318
-1
-1
-1
-1
280
-1
290
-1
-1
289
306
296
316
-1
295
-1
271
-1
273
-1
-1
-1
-1
-1
-1
-1
-1
-1
290
281
-1
-1
-1
272
295
277
-1
-1
247
290
301
-1
-1
282
313
284
-1
274
-1
-1
-1
-1
318
-1
314
299
317
304
-1
311
-1
303
322
304
299
307
286
-1
-1
-1
308
291
-1
-1
328
309
299
278
-1
-1
-1
-1
302
-1
-1
-1
-1
-1
310
314
294
271
-1
-1
306
300
311
-1
299
-1
-1
276
308
-1
-1
-1
296
322
-1
-1
-1
321
274
293
-1
-1
289
298
-1
316
-1
312
-1
309
-1
305
313
311
300
316
-1
-1
-1
289
-1
-1
-1
305
-1
-1
324
289
-1
305
317
-1
269
-1
-1
-1
-1
-1
-1
-1
-1
326
323
288
-1
-1
-1
-1
286
292
-1
-1
-1
315
291
266
294
308
-1
307
-1
320
281
-1
-1
-1
279
-1
-1
-1
-1
-1
277
-1
-1
307
-1
308
321
289
-1
298
277
-1
-1
-1
250
-1
276
321
-1
-1
272
-1
-1
-1
-1
-1
267
-1
305
-1
-1
319
-1
-1
283
-1
336
287
266
-1
271
-1
-1
-1
-1
-1
-1
293
317
294
310
-1
-1
-1
-1
309
309
-1
-1
291
287
272
-1
304
287
286
-1
283
-1
-1
308
-1
-1
313
-1
-1
289
306
278
-1
301
-1
-1
-1
293
-1
-1
-1
-1
-1
294
279
-1
-1
-1
-1
-1
-1
296
-1
301
-1
231
302
302
-1
-1
323
-1
-1
-1
291
-1
-1
295
321
305
-1
-1
307
321
-1
-1
-1
262
-1
268
-1
-1
-1
316
-1
-1
290
-1
-1
-1
-1
299
-1
-1
-1
339
-1
-1
-1
-1
-1
294
-1
-1
-1
-1
296
-1
312
-1
281
335
326
-1
298
-1
277
-1
-1
-1
-1
-1
-1
-1
-1
-1
290
312
-1
-1
-1
295
-1
-1
-1
-1
-1
308
281
-1
-1
-1
-1
307
281
307
-1
309
-1
302
279
-1
-1
286
-1
229
-1
-1
-1
298
-1
-1
268
296
-1
318
-1
-1
-1
296
-1
-1
-1
292
-1
289
-1
-1
277
-1
-1
-1
-1
321
-1
-1
274
-1
265
-1
-1
-1
295
323
-1
-1
267
-1
297
-1
295
-1
317
286
307
-1
-1
-1
-1
-1
-1
-1
-1
306
290
321
-1
-1
-1
-1
-1
-1
300
299
-1
-1
-1
312
-1
-1
-1
-1
-1
-1
-1
-1
-1
279
-1
-1
-1
-1
290
-1
-1
-1
319
-1
-1
-1
-1
301
296
-1
-1
-1
309
272
-1
291
-1
289
-1
-1
-1
279
-1
313
304
297
-1
-1
-1
-1
-1
-1
-1
-1
300
-1
-1
312
279
277
-1
303
-1
238
-1
-1
-1
-1
-1
294
-1
327
316
-1
-1
293
-1
269
313
295
-1
290
-1
-1
-1
-1
307
296
-1
280
-1
305
302
-1
328
-1
-1
298
-1
-1
315
-1
317
-1
269
-1
312
-1
330
319
-1
306
318
309
-1
-1
-1
-1
-1
270
326
-1
313
-1
313
-1
308
-1
-1
-1
290
-1
-1
-1
-1
291
-1
315
-1
331
289
290
-1
-1
295
-1
-1
-1
-1
315
-1
-1
-1
-1
-1
-1
302
336
-1
-1
308
317
271
329
-1
-1
296
-1
283
-1
-1
277
306
-1
-1
319
300
-1
-1
-1
-1
-1
307
319
306
-1
-1
-1
-1
-1
-1
287
297
-1
-1
263
-1
-1
-1
298
304
-1
-1
298
-1
-1
-1
303
264
-1
-1
295
307
282
291
-1
-1
280
-1
259
-1
-1
298
-1
273
-1
-1
-1
-1
-1
293
299
313
-1
-1
290
308
-1
-1
-1
288
-1
-1
-1
297
325
296
-1
-1
-1
270
-1
-1
-1
-1
-1
-1
-1
-1
305
-1
-1
318
275
-1
-1
-1
296
303
-1
286
-1
-1
303
-1
305
290
271
-1
322
-1
277
-1
-1
-1
-1
312
213
-1
-1
280
-1
-1
318
-1
294
-1
308
298
271
-1
270
-1
330
292
-1
290
-1
-1
268
305
-1
287
-1
-1
316
-1
303
306
-1
264
-1
-1
303
-1
313
-1
288
-1
-1
301
-1
266
-1
-1
-1
300
307
-1
298
-1
-1
-1
-1
303
329
294
-1
311
274
-1
-1
329
318
-1
-1
298
-1
317
300
-1
-1
-1
-1
-1
281
-1
308
-1
-1
-1
-1
346
311
-1
307
300
-1
275
-1
-1
-1
-1
330
-1
320
299
-1
294
-1
-1
-1
294
-1
-1
-1
-1
-1
-1
277
303
-1
-1
-1
-1
-1
282
281
-1
-1
285
-1
-1
-1
283
289
305
-1
-1
-1
-1
247
-1
-1
-1
-1
307
313
296
-1
288
-1
-1
-1
-1
-1
308
329
274
-1
-1
314
306
302
-1
-1
-1
280
267
-1
-1
236
-1
-1
298
310
-1
-1
298
285
-1
-1
288
-1
288
-1
289
303
-1
316
-1
341
-1
320
-1
311
-1
-1
290
-1
-1
-1
310
-1
-1
300
-1
-1
276
297
320
-1
297
295
-1
-1
-1
-1
-1
-1
310
263
-1
-1
-1
-1
272
-1
-1
290
-1
-1
274
-1
-1
-1
289
-1
-1
301
-1
-1
273
291
-1
-1
-1
298
293
308
-1
-1
318
-1
329
-1
-1
-1
-1
273
-1
296
-1
-1
302
287
314
-1
-1
282
313
-1
308
234
297
291
293
279
310
-1
-1
-1
-1
310
-1
-1
297
318
290
-1
290
265
310
-1
318
313
-1
-1
-1
-1
-1
295
295
-1
-1
-1
290
320
-1
-1
-1
297
-1
-1
321
296
-1
278
-1
-1
-1
-1
-1
-1
-1
-1
-1
335
252
-1
-1
-1
-1
308
303
-1
-1
-1
321
-1
-1
270
-1
-1
283
-1
-1
-1
307
-1
293
307
302
-1
-1
-1
-1
-1
-1
-1
-1
289
-1
-1
260
-1
283
236
293
303
288
-1
-1
-1
-1
258
-1
299
328
297
-1
-1
-1
295
306
-1
-1
-1
-1
-1
299
-1
-1
308
-1
-1
-1
314
-1
-1
302
-1
-1
-1
305
287
-1
316
275
-1
-1
-1
278
285
-1
-1
-1
-1
-1
309
-1
294
260
-1
317
292
-1
312
-1
-1
-1
309
299
-1
-1
-1
-1
-1
292
-1
317
-1
-1
290
299
294
311
-1
-1
-1
-1
-1
319
-1
-1
-1
-1
-1
328
-1
293
289
299
-1
279
-1
313
325
-1
-1
-1
228
317
-1
-1
-1
282
288
-1
298
314
-1
-1
-1
-1
311
-1
-1
321
-1
300
259
298
-1
-1
299
290
-1
268
321
-1
-1
319
-1
-1
-1
283
-1
-1
333
286
318
253
301
-1
-1
271
-1
-1
294
-1
-1
-1
-1
269
280
-1
-1
-1
-1
284
-1
263
-1
312
-1
-1
-1
308
257
299
297
-1
290
-1
-1
-1
-1
-1
-1
296
304
310
-1
319
305
-1
286
-1
-1
-1
317
-1
-1
-1
-1
-1
319
301
-1
-1
-1
-1
311
-1
317
-1
300
291
316
323
293
-1
-1
-1
274
-1
-1
-1
289
-1
-1
-1
-1
289
289
-1
263
-1
241
-1
-1
281
-1
299
-1
276
-1
286
-1
-1
-1
-1
-1
-1
-1
-1
-1
293
317
310
264
-1
-1
234
-1
-1
-1
-1
-1
298
289
-1
277
-1
-1
-1
314
297
306
-1
-1
-1
272
298
-1
301
-1
295
-1
297
304
-1
318
-1
257
260
-1
284
299
-1
287
-1
-1
242
286
-1
286
-1
-1
-1
256
-1
-1
-1
-1
-1
-1
-1
-1
-1
-1
-1
-1
-1
-1
-1
-1
-1
-1
316
-1
-1
324
316
288
-1
-1
306
278
-1
-1
310
319
-1
-1
-1
-1
-1
330
-1
-1
-1
-1
-1
302
292
309
-1
-1
-1
303
300
-1
-1
292
302
318
-1
-1
303
-1
284
-1
293
-1
-1
-1
284
-1
299
308
-1
-1
-1
295
302
296
294
-1
300
-1
-1
-1
287
309
303
230
298
316
-1
315
316
-1
-1
-1
-1
-1
316
291
-1
-1
-1
316
-1
296
284
266
-1
-1
-1
309
-1
308
-1
-1
-1
307
-1
284
-1
308
-1
-1
-1
-1
-1
-1
301
-1
-1
278
289
-1
-1
-1
-1
-1
-1
-1
-1
-1
-1
-1
-1
-1
-1
288
302
-1
-1
-1
-1
307
-1
282
-1
295
-1
298
-1
-1
-1
281
301
268
-1
-1
-1
312
283
-1
272
303
-1
-1
-1
-1
-1
-1
-1
280
307
304
-1
299
-1
275
-1
297
-1
293
295
-1
-1
-1
310
287
-1
-1
-1
-1
-1
-1
-1
302
324
-1
293
302
-1
-1
-1
-1
-1
299
303
315
-1
-1
-1
304
-1
-1
-1
-1
-1
274
-1
-1
-1
-1
-1
-1
-1
-1
-1
-1
-1
-1
-1
276
-1
-1
319
292
-1
-1
-1
-1
-1
278
-1
306
275
-1
294
-1
303
339
286
-1
-1
299
-1
-1
-1
-1
-1
275
-1
-1
307
279
-1
-1
-1
-1
291
-1
-1
-1
-1
221
-1
272
-1
-1
-1
-1
306
-1
323
302
-1
-1
282
-1
310
-1
-1
-1
268
322
282
-1
-1
-1
-1
278
304
-1
291
-1
-1
-1
-1
-1
297
-1
-1
-1
-1
-1
-1
292
314
328
286
-1
-1
-1
-1
241
-1
294
-1
299
323
-1
-1
-1
-1
-1
278
296
322
-1
-1
300
-1
283
-1
326
-1
-1
-1
-1
-1
309
270
285
-1
275
-1
-1
-1
308
-1
258
-1
302
290
-1
-1
279
-1
-1
-1
-1
-1
-1
303
-1
-1
313
-1
-1
310
300
297
-1
313
302
290
-1
-1
-1
-1
300
276
284
-1
-1
-1
-1
-1
-1
-1
-1
-1
-1
286
-1
-1
-1
292
-1
-1
-1
297
-1
261
292
-1
307
-1
277
-1
291
-1
302
270
309
295
-1
-1
296
-1
-1
-1
285
303
-1
-1
-1
-1
-1
-1
-1
-1
-1
305
-1
275
-1
283
274
-1
-1
306
-1
-1
312
274
-1
-1
300
-1
280
-1
-1
-1
279
-1
-1
-1
310
283
-1
299
-1
-1
307
-1
-1
-1
-1
281
312
304
-1
304
-1
332
320
303
303
-1
298
334
287
-1
-1
302
-1
285
-1
292
263
-1
312
273
-1
-1
291
325
-1
317
313
-1
301
312
-1
-1
-1
-1
273
-1
305
299
-1
-1
260
267
-1
-1
-1
-1
312
291
-1
314
-1
-1
287
-1
313
-1
-1
317
-1
-1
-1
-1
-1
293
-1
-1
-1
-1
-1
-1
-1
319
-1
-1
218
-1
-1
304
-1
-1
285
302
-1
317
-1
289
-1
-1
-1
261
308
-1
-1
-1
317
-1
-1
-1
275
276
299
-1
-1
-1
316
288
-1
-1
309
275
268
314
-1
-1
-1
-1
-1
297
-1
-1
268
274
330
-1
-1
-1
282
-1
283
292
-1
-1
315
302
-1
291
305
-1
-1
-1
301
-1
-1
-1
-1
-1
-1
-1
-1
300
-1
-1
-1
-1
-1
292
-1
-1
-1
284
-1
-1
-1
-1
-1
307
-1
-1
305
-1
307
325
-1
-1
300
296
-1
-1
-1
292
-1
-1
-1
282
313
280
-1
-1
303
-1
-1
-1
-1
270
-1
-1
-1
-1
-1
299
316
-1
-1
-1
320
-1
321
-1
295
322
272
-1
307
-1
-1
-1
310
290
-1
-1
303
-1
-1
-1
-1
299
-1
319
-1
263
291
-1
-1
291
291
299
313
304
-1
-1
306
-1
-1
-1
278
301
-1
259
-1
-1
-1
-1
-1
319
303
245
-1
-1
295
332
-1
322
-1
-1
306
-1
296
-1
-1
311
-1
-1
-1
312
-1
-1
-1
-1
267
-1
-1
-1
-1
294
293
-1
286
272
-1
283
-1
325
281
-1
308
-1
284
323
-1
314
-1
294
-1
-1
319
-1
-1
306
-1
-1
-1
-1
-1
-1
-1
295
294
291
284
326
-1
-1
315
330
-1
332
-1
-1
284
-1
-1
-1
243
-1
-1
296
286
297
308
-1
-1
288
-1
-1
323
300
-1
-1
-1
-1
-1
319
290
299
284
-1
286
-1
299
-1
-1
-1
-1
270
281
-1
279
-1
-1
308
-1
-1
-1
-1
296
-1
275
-1
293
297
307
-1
282
-1
-1
-1
-1
-1
-1
-1
-1
-1
317
324
-1
273
313
-1
-1
326
-1
317
313
-1
-1
312
-1
-1
317
-1
306
-1
-1
-1
-1
-1
306
-1
308
303
-1
306
-1
-1
-1
291
-1
-1
-1
-1
-1
-1
-1
-1
310
291
-1
-1
-1
277
295
-1
-1
-1
319
-1
-1
311
318
-1
310
-1
294
-1
-1
-1
-1
-1
298
306
-1
302
296
332
-1
280
-1
-1
-1
-1
-1
-1
-1
-1
-1
-1
-1
256
-1
-1
-1
286
297
-1
306
-1
264
306
287
